Format Version,1.23,Take Name,RP_F_3_0,Take Notes,,Capture Frame Rate,200.000000,Export Frame Rate,200.000000,Capture Start Time,2026-06-26 11.09.07.361 AM,Capture Start Frame,1160866,Total Frames in Take,982,Total Exported Frames,982,Rotation Type,XYZ,Length Units,Millimeters,Coordinate Space,Global

,Type,Marker,Marker,Marker,Marker,Marker,Marker,Marker,Marker,Marker,Marker,Marker,Marker,Marker,Marker,Marker,Marker,Marker,Marker
,Name,Unlabeled 1591,Unlabeled 1591,Unlabeled 1591,Unlabeled 1592,Unlabeled 1592,Unlabeled 1592,Unlabeled 1593,Unlabeled 1593,Unlabeled 1593,Unlabeled 1594,Unlabeled 1594,Unlabeled 1594,Unlabeled 1595,Unlabeled 1595,Unlabeled 1595,Unlabeled 1596,Unlabeled 1596,Unlabeled 1596
,ID,"3958BCB8001713911F1","3958BCB8001713911F1","3958BCB8001713911F1","39A8BCB8001713911F1","39A8BCB8001713911F1","39A8BCB8001713911F1","8F88BCB8001713911F1","8F88BCB8001713911F1","8F88BCB8001713911F1","8FA8BCB8001713911F1","8FA8BCB8001713911F1","8FA8BCB8001713911F1","8FB8BCB8001713911F1","8FB8BCB8001713911F1","8FB8BCB8001713911F1","8FD8BCB8001713911F1","8FD8BCB8001713911F1","8FD8BCB8001713911F1"
,,Position,Position,Position,Position,Position,Position,Position,Position,Position,Position,Position,Position,Position,Position,Position,Position,Position,Position
Frame,Time (Seconds),X,Y,Z,X,Y,Z,X,Y,Z,X,Y,Z,X,Y,Z,X,Y,Z
0,0.000000,199.757065,249.553467,85.050957,242.906860,203.803848,86.179665,224.206039,198.656479,84.728706,242.437881,240.289429,88.081726,223.081970,244.194931,86.563774,201.141998,192.197235,83.145889
1,0.005000,199.742218,249.557358,85.056808,242.906433,203.806900,86.188042,224.210464,198.648895,84.722771,242.439072,240.290421,88.085815,222.955811,244.204773,86.479332,201.133057,192.203110,83.157372
2,0.010000,199.746033,249.560242,85.056183,242.906631,203.809311,86.191559,224.205688,198.654617,84.728828,242.441559,240.288483,88.080811,223.077072,244.192871,86.563805,201.135178,192.208878,83.150940
3,0.015000,199.741882,249.559494,85.059135,242.900146,203.802643,86.186142,224.204468,198.657745,84.731400,242.449127,240.279358,88.075562,223.067337,244.140564,86.630157,201.269257,192.190933,83.080727
4,0.020000,199.751678,249.556259,85.048378,242.908981,203.802048,86.185951,224.196884,198.659378,84.728470,242.445221,240.278442,88.074806,222.948761,244.194107,86.498512,201.173950,192.228027,83.121353
5,0.025000,199.748581,249.551498,85.045731,242.904419,203.803833,86.187500,224.196579,198.663681,84.726662,242.444183,240.281937,88.076332,223.001740,244.225296,86.420006,201.256927,192.195587,83.085091
6,0.030000,199.746124,249.552750,85.053925,242.902649,203.801407,86.184105,224.194656,198.662628,84.736267,242.441360,240.288742,88.080322,223.029968,244.230850,86.390724,201.161224,192.227142,83.130753
7,0.035000,199.744934,249.552307,85.057671,242.899261,203.789062,86.178284,224.214264,198.655441,84.728882,242.443527,240.284012,88.079025,223.079117,244.215286,86.539604,201.130692,192.201477,83.157249
8,0.040000,199.751709,249.550323,85.048309,242.900375,203.794601,86.186012,224.198318,198.655380,84.727882,242.447189,240.282806,88.075218,222.957809,244.166183,86.663658,201.241837,192.196350,83.091751
9,0.045000,199.742447,249.557816,85.057121,242.898102,203.809570,86.190208,224.199844,198.657486,84.728897,242.441422,240.287460,88.081131,222.962769,244.120850,86.873093,201.165924,192.217468,83.118416
10,0.050000,199.748672,249.558685,85.052757,242.903076,203.809250,86.192154,224.201019,198.660217,84.724319,242.442627,240.289627,88.086594,223.601105,244.047165,86.287659,201.251450,192.202637,83.087158
11,0.055000,199.747467,249.557388,85.050102,242.899841,203.798584,86.189835,224.205963,198.651382,84.724457,242.438553,240.287979,88.090736,223.457901,244.380829,85.861855,201.160522,192.225983,83.129410
12,0.060000,199.750488,249.556625,85.052010,242.900711,203.800598,86.192558,224.204224,198.653107,84.726181,242.442444,240.286240,88.084320,222.983566,244.420654,86.141052,201.126724,192.201797,83.156151
13,0.065000,199.750854,249.556061,85.052933,242.831375,203.733185,86.005371,224.198044,198.646271,84.718857,242.444061,240.284500,88.085815,223.063690,244.213501,86.556305,201.112183,192.202530,83.173523
14,0.070000,199.746643,249.557404,85.051620,242.899536,203.775574,86.124443,224.203873,198.657578,84.723679,242.444031,240.286545,88.082558,222.973679,244.064270,86.913216,201.125885,192.197769,83.161659
15,0.075000,199.751236,249.550858,85.050125,242.903442,203.807129,86.194283,224.202469,198.655777,84.722771,242.445419,240.289124,88.075447,222.962433,244.028641,86.981544,201.140350,192.202026,83.149750
16,0.080000,199.750198,249.551559,85.052650,242.909653,203.816055,86.202339,224.197220,198.660019,84.727142,242.445206,240.287750,88.082405,222.856796,244.172150,86.764427,201.140427,192.205444,83.144348
17,0.085000,199.749908,249.552032,85.051910,242.908417,203.808380,86.197716,224.198593,198.653519,84.725380,242.442596,240.285202,88.080460,223.069199,244.174850,86.589035,201.131760,192.209793,83.151588
18,0.090000,199.754684,249.557648,85.047295,242.904556,203.807999,86.187546,224.207886,198.658920,84.729607,242.440323,240.289856,88.082428,223.016403,244.223206,86.409416,201.134872,192.202148,83.158890
19,0.095000,199.748398,249.555115,85.047661,242.905716,203.802139,86.187668,224.204315,198.657135,84.726891,242.419006,240.338318,88.121170,223.103836,244.232559,86.491615,201.129715,192.194077,83.161514
20,0.100000,199.753906,249.554504,85.046074,242.900269,203.792984,86.182655,224.205658,198.654648,84.730644,242.432556,240.317535,88.108063,222.985901,244.214584,86.441849,201.243591,192.201736,83.091499
21,0.105000,199.747086,249.547714,85.049835,242.906662,203.795288,86.182144,224.193710,198.654480,84.734558,242.320190,240.565475,88.101929,223.070358,244.187805,86.561348,201.179779,192.216476,83.106873
22,0.110000,199.744675,249.553711,85.052444,242.902039,203.794525,86.184921,224.205139,198.656967,84.728203,242.379181,240.392654,88.115547,222.905563,244.176788,86.844948,201.136322,192.208557,83.144302
23,0.115000,199.749313,249.557053,85.052795,242.907486,203.799866,86.187378,224.202286,198.653702,84.720604,242.446152,240.284576,88.088593,223.470535,244.091797,86.331512,201.118103,192.196014,83.161545
24,0.120000,199.751221,249.557785,85.058151,242.904160,203.799927,86.189522,224.286469,198.734634,84.888130,242.333481,240.554398,88.101326,223.160004,244.272369,86.405083,201.117294,192.202560,83.160973
25,0.125000,199.749985,249.554001,85.053894,242.896103,203.790146,86.184677,224.266937,198.713623,85.157532,242.372650,240.402390,88.132660,223.081299,244.216400,86.538155,201.126266,192.203323,83.157829
26,0.130000,199.772491,249.610794,85.051910,242.900314,203.799301,86.190346,224.205414,198.611679,85.090446,242.436417,240.298294,88.101097,223.062286,244.131561,86.641541,201.130432,192.203339,83.154533
27,0.135000,199.753937,249.567307,85.046921,242.897507,203.805588,86.188927,224.191528,198.597443,85.023163,242.450531,240.271011,88.072151,222.938095,244.186691,86.513290,201.129318,192.211838,83.151520
28,0.140000,199.778503,249.613129,85.054245,242.899017,203.806793,86.189392,224.207062,198.627182,84.749611,242.446304,240.271042,88.067284,223.069565,244.192978,86.553780,201.121368,192.203262,83.153893
29,0.145000,199.749771,249.565079,85.046303,242.900497,203.804077,86.192047,224.186386,198.682098,84.707504,242.442703,240.280212,88.073357,222.974014,244.206726,86.455780,201.116455,192.204468,83.151550
30,0.150000,199.748703,249.554001,85.046761,242.899551,203.813492,86.190941,224.191040,198.679932,84.720291,242.441193,240.281006,88.078224,223.078171,244.201965,86.553955,201.133957,192.202026,83.148735
31,0.155000,199.743332,249.554840,85.047173,242.898529,203.802505,86.190804,224.195160,198.660751,84.733330,242.439804,240.287354,88.083458,222.972610,244.207123,86.467171,201.129761,192.210739,83.155029
32,0.160000,199.749619,249.553513,85.051437,242.897781,203.794250,86.184807,224.206528,198.656494,84.727119,242.439819,240.290695,88.082962,223.529663,244.237823,86.144241,201.136047,192.200439,83.153419
33,0.165000,199.752411,249.551880,85.046242,242.903259,203.795929,86.182327,224.201797,198.653091,84.728287,242.441940,240.284561,88.079926,223.138260,244.349350,86.091362,201.130981,192.207657,83.149048
34,0.170000,199.748260,249.556534,85.052139,242.902466,203.799744,86.185516,224.196899,198.649094,84.725754,242.442551,240.286957,88.078896,223.503586,244.417038,85.941437,201.133026,192.207611,83.146202
35,0.175000,199.750351,249.558899,85.049736,242.908997,203.811981,86.189758,224.200912,198.658340,84.732529,242.446869,240.287323,88.079224,223.173477,244.372879,86.056923,201.130264,192.207184,83.149055
36,0.180000,199.748489,249.558350,85.049881,242.910370,203.805511,86.187210,224.198135,198.660522,84.731590,242.445145,240.284637,88.079895,223.097778,244.257217,86.484550,201.118256,192.211746,83.156929
37,0.185000,199.749741,249.552399,85.051437,242.834122,203.741699,86.003983,224.199234,198.660614,84.732788,242.443878,240.277313,88.079155,222.934784,244.178268,86.530273,201.129608,192.203110,83.152161
38,0.190000,199.751877,249.552734,85.052895,242.903290,203.766129,86.118988,224.199387,198.660477,84.727455,242.445969,240.280075,88.078934,222.954620,244.197113,86.490234,201.129059,192.199326,83.157127
39,0.195000,199.745361,249.552094,85.055237,242.911392,203.806534,86.197166,224.210464,198.654907,84.729042,242.441620,240.279358,88.080566,222.991241,244.214798,86.432838,201.125076,192.201050,83.153946
40,0.200000,199.748123,249.553680,85.059799,242.905090,203.810471,86.199692,224.200317,198.652390,84.729652,242.441208,240.288177,88.086609,223.013138,244.227631,86.405830,201.126663,192.199600,83.157700
41,0.205000,199.752258,249.553635,85.056343,242.907547,203.799423,86.187691,224.203644,198.656403,84.730484,242.442200,240.282394,88.083412,223.008759,244.232254,86.409012,201.125137,192.196793,83.148872
42,0.210000,199.749542,249.555695,85.052422,242.908875,203.800735,86.186165,224.199936,198.660858,84.723190,242.445831,240.284332,88.080048,223.080063,244.197906,86.553932,201.127869,192.201981,83.149818
43,0.215000,199.741440,249.556061,85.056023,242.901123,203.804504,86.184608,224.200668,198.661743,84.732094,242.440796,240.285309,88.084358,223.057266,244.134323,86.652382,201.129822,192.200623,83.145889
44,0.220000,199.776108,249.614395,85.052406,242.901581,203.800659,86.191170,224.196259,198.661560,84.727104,242.317795,240.571030,88.108734,222.938049,244.189285,86.507614,201.122528,192.206955,83.151642
45,0.225000,199.746368,249.562897,85.049103,242.904343,203.807266,86.189430,224.200150,198.656342,84.728607,242.373428,240.409210,88.142273,223.077194,244.201630,86.556915,201.129272,192.202393,83.152702
46,0.230000,199.747635,249.547272,85.056686,242.902451,203.806641,86.188683,224.300705,198.736267,84.886520,242.441483,240.296738,88.106583,222.960495,244.188354,86.644920,201.126282,192.202911,83.149376
47,0.235000,199.756836,249.553223,85.053802,242.902267,203.807709,86.190575,224.196259,198.673645,85.028900,242.457397,240.262360,88.069916,222.967789,244.141083,86.853394,201.130234,192.201233,83.149178
48,0.240000,199.743805,249.563004,85.056610,242.901825,203.807281,86.188644,224.194000,198.607407,85.041191,242.444702,240.268112,88.066521,222.961945,244.079620,86.935349,201.130844,192.202698,83.161400
49,0.245000,199.745316,249.559952,85.054359,242.904419,203.805191,86.186920,224.189697,198.610397,85.033241,242.441360,240.280792,88.078110,222.960815,244.068466,86.931587,201.128799,192.198029,83.152832
50,0.250000,199.752945,249.557526,85.053009,242.820496,203.728363,85.999969,224.195450,198.623917,85.023811,242.322678,240.563690,88.102882,222.965500,244.087250,86.910385,201.131577,192.196198,83.151054
51,0.255000,199.749146,249.550201,85.051468,242.899704,203.765167,86.119553,224.231659,198.629456,84.743637,242.375046,240.406937,88.134300,222.969223,244.095886,86.894928,201.138718,192.201935,83.157486
52,0.260000,199.746384,249.551605,85.049973,242.913132,203.810272,86.197632,224.183746,198.677017,84.712288,242.442612,240.290771,88.099564,222.930389,244.174957,86.523865,201.132904,192.206955,83.151245
53,0.265000,199.746841,249.560287,85.055206,242.908813,203.813950,86.199425,224.193069,198.677567,84.726013,242.458344,240.259720,88.072472,223.040543,244.249939,86.366615,201.138031,192.203781,83.148125
54,0.270000,199.744293,249.553192,85.053497,242.898849,203.794144,86.179619,224.206970,198.660187,84.727890,242.447998,240.272507,88.069679,223.118774,244.257294,86.463577,201.137970,192.206787,83.152229
55,0.275000,199.746704,249.546341,85.055145,242.904633,203.796280,86.179817,224.198242,198.656494,84.727570,242.443344,240.284576,88.076935,223.077438,244.175613,86.582687,201.141479,192.201187,83.148483
56,0.280000,199.744507,249.555450,85.049713,242.905838,203.801926,86.187698,224.291855,198.738861,84.886269,242.439819,240.290268,88.084930,222.971542,244.132126,86.850151,201.133301,192.201645,83.147850
57,0.285000,199.768539,249.611847,85.052864,242.904572,203.803833,86.188499,224.196274,198.670502,85.026886,242.440994,240.286957,88.085274,222.958984,244.058914,86.938866,201.128342,192.206604,83.160141
58,0.290000,199.753357,249.564590,85.048157,242.906738,203.802261,86.188225,224.192520,198.608627,85.040375,242.444839,240.285049,88.079712,222.963913,244.068024,86.940651,201.122208,192.207016,83.150589
59,0.295000,199.741684,249.552933,85.050919,242.824509,203.729996,86.002670,224.195679,198.603638,85.029587,242.442596,240.278870,88.077805,222.962326,244.089615,86.911255,201.125519,192.195190,83.156090
60,0.300000,199.748672,249.554092,85.055458,242.895538,203.759445,86.116318,224.193588,198.615311,85.025803,242.444458,240.278290,88.077744,222.919708,244.183960,86.541779,201.115479,192.202011,83.150772
61,0.305000,199.751648,249.553909,85.053764,242.901550,203.808228,86.193321,224.191406,198.626175,85.017212,242.320221,240.568817,88.102798,223.037888,244.248306,86.366722,201.133926,192.192780,83.150551
62,0.310000,199.746048,249.556656,85.055237,242.903473,203.812332,86.200615,224.221130,198.626282,84.750015,242.372803,240.407166,88.140900,223.121292,244.258499,86.456833,201.248734,192.206482,83.093658
63,0.315000,199.743698,249.558243,85.051651,242.905777,203.805634,86.192017,224.180603,198.669968,84.718552,242.439682,240.295410,88.105690,222.998398,244.218536,86.429192,201.269196,192.225189,83.066605
64,0.320000,199.748703,249.549744,85.053581,242.904037,203.801285,86.186424,224.192581,198.671570,84.726402,242.452820,240.264114,88.072449,223.072510,244.181732,86.571449,201.171326,192.218674,83.109711
65,0.325000,199.750198,249.550293,85.049988,242.897614,203.800491,86.188988,224.199768,198.653000,84.721710,242.450195,240.274216,88.068321,222.956131,244.189438,86.489014,201.114746,192.206253,83.162857
66,0.330000,199.748642,249.557541,85.050117,242.900681,203.806503,86.191978,224.202774,198.648636,84.720238,242.442413,240.279984,88.077858,222.993271,244.216339,86.436905,201.100357,192.196579,83.175247
67,0.335000,199.745590,249.559326,85.052856,242.896317,203.793869,86.184959,224.196609,198.650009,84.732750,242.443115,240.286026,88.080910,223.004211,244.233032,86.414314,201.115036,192.196213,83.160660
68,0.340000,199.745911,249.554459,85.051636,242.906143,203.801498,86.185188,224.288788,198.728439,84.891953,242.446701,240.288467,88.080460,223.077682,244.212585,86.551155,201.140961,192.198853,83.155350
69,0.345000,199.748474,249.555832,85.047302,242.898102,203.794571,86.183556,224.194580,198.669250,85.023155,242.445358,240.289017,88.076881,222.960068,244.201111,86.476700,201.130646,192.214828,83.148689
70,0.350000,199.752029,249.555710,85.051125,242.907333,203.794128,86.185188,224.194077,198.608978,85.036301,242.445923,240.285889,88.076141,222.986664,244.219162,86.438263,201.143646,192.202438,83.146820
71,0.355000,199.754288,249.553833,85.048965,242.827423,203.726257,86.001396,224.201050,198.603333,85.026054,242.443970,240.285767,88.076027,223.090958,244.196930,86.547188,201.138504,192.198044,83.148460
72,0.360000,199.750107,249.553162,85.049988,242.897491,203.757050,86.114288,224.268326,198.687256,85.170204,242.442642,240.280853,88.076248,222.976379,244.201126,86.470650,201.131454,192.196182,83.155518
73,0.365000,199.754486,249.550125,85.056763,242.901855,203.799255,86.192574,224.204727,198.636002,85.069588,242.445465,240.288589,88.074913,222.875656,244.247406,86.469467,201.121368,192.193634,83.158913
74,0.370000,199.749573,249.550262,85.054054,242.905777,203.810669,86.202919,224.228638,198.617371,84.735260,242.442261,240.287704,88.078392,222.989609,244.221756,86.438034,201.136444,192.195328,83.154457
75,0.375000,199.749542,249.551086,85.045898,242.897919,203.791260,86.185600,224.192368,198.665802,84.697380,242.442505,240.288818,88.080650,223.003372,244.226746,86.416977,201.137573,192.205017,83.152649
76,0.380000,199.762726,249.550537,85.041985,242.905319,203.794952,86.182457,224.191406,198.674728,84.708885,242.445007,240.293274,88.083687,223.085052,244.199646,86.551193,201.135834,192.202698,83.153465
77,0.385000,199.754379,249.551620,85.050629,242.897903,203.799118,86.184525,224.203918,198.657669,84.722473,242.440506,240.288345,88.081947,223.060410,244.138412,86.640671,201.136063,192.201935,83.147636
78,0.390000,199.747223,249.556320,85.052170,242.903839,203.804581,86.190536,224.209854,198.645981,84.729034,242.443756,240.289917,88.081429,222.943283,244.190979,86.502243,201.132507,192.212738,83.153755
79,0.395000,199.765701,249.615158,85.053246,242.899170,203.789825,86.184036,224.208878,198.647736,84.731133,242.442474,240.285782,88.079109,223.000381,244.224731,86.420540,201.132477,192.204865,83.152397
80,0.400000,199.751968,249.574005,85.053551,242.900375,203.803421,86.187820,224.196457,198.649460,84.729553,242.425354,240.335098,88.118507,223.029388,244.234009,86.391891,201.132034,192.206482,83.149437
81,0.405000,199.749786,249.551849,85.047882,242.900299,203.803986,86.190231,224.198120,198.660965,84.724640,242.429413,240.315781,88.113121,223.459320,244.359695,85.870285,201.122055,192.210983,83.152603
82,0.410000,199.751953,249.550278,85.049751,242.905380,203.807297,86.195145,224.204163,198.660400,84.730667,242.316742,240.573730,88.112793,223.223831,244.445450,86.096268,201.123138,192.199417,83.160324
83,0.415000,199.751526,249.554993,85.046814,242.897934,203.804504,86.184288,224.208771,198.650330,84.724915,242.371765,240.403671,88.127182,223.105209,244.266571,86.461052,201.253693,192.194412,83.084000
84,0.420000,199.743851,249.558289,85.052673,242.900574,203.789200,86.175674,224.198166,198.654373,84.728004,242.444473,240.281662,88.090752,222.933105,244.178421,86.522240,201.183640,192.226501,83.108192
85,0.425000,199.750870,249.554825,85.048790,242.896942,203.789200,86.179184,224.195190,198.655914,84.729256,242.455231,240.258163,88.064743,222.941635,244.193695,86.490021,201.145630,192.208450,83.140732
86,0.430000,199.743561,249.556152,85.053070,242.902863,203.800018,86.185493,224.203522,198.653931,84.723450,242.445770,240.277298,88.066597,222.997864,244.207169,86.430008,201.249023,192.200974,83.094666
87,0.435000,199.748413,249.561096,85.057442,242.898621,203.790833,86.184242,224.291931,198.734650,84.891495,242.441498,240.287033,88.077759,223.011765,244.227020,86.402832,201.171555,192.216736,83.117767
88,0.440000,199.750885,249.554810,85.053383,242.911072,203.799225,86.187881,224.199356,198.667450,85.025543,242.424591,240.337799,88.116768,223.089340,244.204880,86.536850,201.248795,192.202118,83.089806
89,0.445000,199.752914,249.551117,85.047394,242.905548,203.806335,86.188202,224.200394,198.609146,85.038834,242.429428,240.316666,88.110283,222.972397,244.201340,86.477013,201.177979,192.217239,83.120979
90,0.450000,199.751404,249.546936,85.049370,242.901810,203.790573,86.183876,224.190338,198.599197,85.019073,242.444504,240.287262,88.083351,223.540695,244.231964,86.152794,201.140823,192.201416,83.154892
91,0.455000,199.748993,249.549271,85.053139,242.905746,203.795242,86.187263,224.226517,198.619064,84.742706,242.443909,240.276627,88.070404,223.168747,244.379639,86.209175,201.259491,192.190247,83.088501
92,0.460000,199.749878,249.555222,85.056984,242.907394,203.803864,86.191582,224.182709,198.661682,84.714821,242.445801,240.275558,88.068069,223.111923,244.251038,86.462364,201.185394,192.214630,83.108063
93,0.465000,199.755814,249.551712,85.047440,242.907623,203.794098,86.180901,224.190048,198.673325,84.728004,242.448120,240.278763,88.070740,222.951950,244.191498,86.495903,201.141312,192.201630,83.146164
94,0.470000,199.753128,249.555237,85.050041,242.907211,203.798645,86.184776,224.207138,198.654617,84.726723,242.445404,240.284103,88.082039,223.061905,244.146484,86.620750,201.116074,192.204819,83.171379
95,0.475000,199.748947,249.551865,85.049179,242.903381,203.803024,86.184837,224.203873,198.657593,84.731071,242.443161,240.289337,88.084259,222.972015,244.126053,86.860573,201.125931,192.192078,83.158554
96,0.480000,199.747559,249.557373,85.059624,242.903397,203.802338,86.189095,224.214600,198.660980,84.718346,242.447113,240.286270,88.083061,222.866074,244.166763,86.756027,201.126587,192.203842,83.154282
97,0.485000,199.773422,249.611649,85.051361,242.903137,203.794617,86.187759,224.201157,198.658661,84.727013,242.421066,240.334503,88.123116,222.949310,244.199890,86.491165,201.136093,192.202377,83.145134
98,0.490000,199.778015,249.627151,85.048477,242.902481,203.804962,86.187469,224.207397,198.651367,84.722481,242.415863,240.352875,88.140694,223.040009,244.242081,86.372154,201.258896,192.200897,83.084747
99,0.495000,199.774399,249.625626,85.049461,242.904175,203.808670,86.186417,224.200912,198.651505,84.724182,242.433228,240.313507,88.113564,223.049484,244.242462,86.359329,201.185226,192.219650,83.108551
100,0.500000,199.749451,249.563004,85.048485,242.901581,203.797409,86.181259,224.210190,198.651901,84.724014,242.446655,240.282379,88.079018,223.017059,244.230423,86.393929,201.133453,192.206345,83.147224
101,0.505000,199.741501,249.551010,85.053696,242.902039,203.803696,86.179733,224.203568,198.655960,84.722855,242.445847,240.275543,88.071014,222.999863,244.221466,86.422203,201.115570,192.198669,83.160393
102,0.510000,199.751205,249.557266,85.052147,242.905014,203.797119,86.183418,224.187790,198.664658,84.734917,242.440094,240.279022,88.076477,223.064240,244.188736,86.576653,201.246002,192.194077,83.088173
103,0.515000,199.738708,249.561829,85.056664,242.900269,203.803238,86.184555,224.200302,198.664398,84.731171,242.438522,240.287125,88.085335,222.953934,244.196854,86.495171,201.185547,192.220474,83.105324
104,0.520000,199.745590,249.553177,85.054520,242.906235,203.811798,86.191132,224.195648,198.660324,84.734299,242.441559,240.287262,88.082497,223.073105,244.184601,86.575500,201.140640,192.213196,83.147346
105,0.525000,199.749481,249.553299,85.049049,242.905777,203.805450,86.184181,224.198105,198.663513,84.732956,242.440720,240.281952,88.081833,222.974487,244.199631,86.467354,201.112259,192.204773,83.175468
106,0.530000,199.743591,249.563156,85.048164,242.902649,203.798447,86.187164,224.203110,198.651978,84.723595,242.424973,240.329834,88.117943,223.006393,244.219452,86.420448,201.113022,192.199707,83.174301
107,0.535000,199.753754,249.554886,85.051811,242.904083,203.799240,86.187119,224.199814,198.653442,84.727089,242.433533,240.313492,88.110176,223.092697,244.201965,86.537918,201.132004,192.195480,83.153633
108,0.540000,199.755188,249.549698,85.045349,242.900650,203.802597,86.182167,224.215652,198.648941,84.724335,242.441803,240.290649,88.088005,223.064011,244.144318,86.631149,201.139160,192.196716,83.150810
109,0.545000,199.746506,249.553894,85.055611,242.899597,203.794022,86.183174,224.199753,198.657852,84.729767,242.444717,240.276886,88.077545,223.478882,244.197540,86.074928,201.137527,192.201294,83.141075
110,0.550000,199.747116,249.552292,85.055199,242.906006,203.802032,86.185852,224.201370,198.650391,84.723541,242.444687,240.279572,88.079849,223.187805,244.365005,86.034012,201.135269,192.208832,83.149048
111,0.555000,199.747406,249.549530,85.053726,242.905441,203.807785,86.188133,224.210648,198.645660,84.723434,242.440781,240.285583,88.084442,223.138763,244.381454,86.234261,201.140640,192.203735,83.153809
112,0.560000,199.746506,249.552444,85.055191,242.909775,203.807083,86.190491,224.202499,198.651199,84.730042,242.441650,240.286484,88.082787,223.097198,244.222153,86.515587,201.250916,192.201752,83.098709
113,0.565000,199.751801,249.556732,85.054596,242.904190,203.803696,86.184135,224.206909,198.654099,84.728386,242.445740,240.286713,88.080536,222.936279,244.181564,86.520042,201.171249,192.230316,83.117104
114,0.570000,199.750946,249.553665,85.052605,242.905869,203.806778,86.184685,224.192612,198.662186,84.733170,242.444336,240.290207,88.080093,222.958374,244.201324,86.469467,201.146439,192.209610,83.146355
115,0.575000,199.746597,249.557022,85.053192,242.903259,203.804276,86.190170,224.203629,198.657715,84.726006,242.440033,240.289673,88.085571,223.075317,244.197937,86.566071,201.123825,192.202393,83.157768
116,0.580000,199.747726,249.552429,85.052322,242.903641,203.804672,86.186623,224.195984,198.657669,84.726875,242.440811,240.288101,88.084328,223.063278,244.142990,86.629227,201.126602,192.197617,83.147972
117,0.585000,199.750580,249.550842,85.053162,242.897964,203.800629,86.183289,224.191635,198.656281,84.730423,242.443604,240.286362,88.080269,222.967743,244.135773,86.855293,201.127945,192.200058,83.150970
118,0.590000,199.754364,249.554428,85.046219,242.898499,203.792313,86.180862,224.198822,198.656815,84.726357,242.441055,240.284607,88.078354,222.856384,244.176041,86.757141,201.118958,192.208130,83.160263
119,0.595000,199.748657,249.552521,85.047188,242.903000,203.801300,86.182892,224.195969,198.659607,84.730156,242.441513,240.283157,88.083687,222.942398,244.199265,86.488617,201.117935,192.209000,83.162865
120,0.600000,199.742828,249.552444,85.055656,242.899170,203.794952,86.181496,224.189804,198.663971,84.730911,242.440918,240.284851,88.081291,223.029114,244.249252,86.380798,201.122787,192.201920,83.154518
121,0.605000,199.764542,249.615036,85.048416,242.896439,203.791763,86.180847,224.205841,198.660583,84.727654,242.441071,240.289597,88.077904,223.450699,244.378418,85.875809,201.124512,192.201187,83.153145
122,0.610000,199.749954,249.564514,85.048744,242.903076,203.802704,86.187073,224.210068,198.652145,84.724220,242.440384,240.287186,88.079361,223.221710,244.453033,86.101135,201.123978,192.201706,83.158333
123,0.615000,199.744049,249.554001,85.055473,242.903381,203.789062,86.183868,224.201447,198.657318,84.720299,242.442383,240.281235,88.080910,223.051132,244.263626,86.352921,201.133514,192.198227,83.149155
124,0.620000,199.746414,249.552750,85.054611,242.904343,203.794144,86.182045,224.200027,198.652145,84.727745,242.439972,240.282898,88.083138,222.957993,244.192108,86.484436,201.130859,192.209900,83.153053
125,0.625000,199.752182,249.552505,85.049889,242.900070,203.789383,86.183273,224.194855,198.653961,84.730461,242.442673,240.286697,88.082756,222.953003,244.195526,86.484856,201.137100,192.201157,83.146622
126,0.630000,199.749939,249.551346,85.051208,242.907623,203.799759,86.184196,224.205124,198.658340,84.729774,242.443451,240.284393,88.077919,222.986130,244.217621,86.442787,201.132172,192.207230,83.154854
127,0.635000,199.746414,249.551193,85.052475,242.903870,203.803131,86.185051,224.203552,198.660172,84.731659,242.445206,240.285416,88.078705,223.087540,244.196945,86.548988,201.130966,192.203583,83.158890
128,0.640000,199.747696,249.557663,85.049118,242.909180,203.804352,86.188705,224.211426,198.660065,84.727074,242.442764,240.287613,88.079926,222.975433,244.206192,86.471588,201.139145,192.200684,83.152962
129,0.645000,199.775452,249.609955,85.049179,242.910645,203.803833,86.192276,224.198883,198.657593,84.732353,242.446121,240.284409,88.080025,223.002411,244.220627,86.428352,201.139877,192.208313,83.154411
130,0.650000,199.748383,249.569626,85.051941,242.908936,203.808243,86.188545,224.205093,198.648682,84.730415,242.444977,240.287292,88.076111,223.008286,244.231506,86.409096,201.143066,192.201965,83.146004
131,0.655000,199.747223,249.554565,85.053688,242.902359,203.799667,86.189659,224.194275,198.659637,84.726524,242.443741,240.283554,88.082275,223.015854,244.224503,86.404228,201.141846,192.205963,83.150124
132,0.660000,199.748703,249.552979,85.053429,242.901459,203.800674,86.185211,224.187683,198.667557,84.730377,242.445694,240.287369,88.083076,223.009888,244.227554,86.425201,201.138290,192.202545,83.152046
133,0.665000,199.747040,249.553345,85.049065,242.911865,203.797287,86.182594,224.201538,198.661896,84.723671,242.445114,240.290588,88.080238,223.080521,244.185486,86.565063,201.135941,192.199921,83.146248
134,0.670000,199.746201,249.557053,85.053154,242.904465,203.800186,86.183037,224.289200,198.728638,84.887291,242.444595,240.287155,88.079750,223.566315,244.155899,86.213501,201.137741,192.202164,83.151123
135,0.675000,199.751877,249.557251,85.052246,242.901993,203.790558,86.182060,224.197372,198.664886,85.023407,242.446457,240.283356,88.075859,222.907104,244.352417,86.214409,201.131256,192.208221,83.149429
136,0.680000,199.774887,249.616028,85.050041,242.905029,203.789673,86.183495,224.186020,198.608627,85.042404,242.441589,240.278076,88.073555,223.066574,244.224075,86.532249,201.140884,192.198318,83.147942
137,0.685000,199.743073,249.564697,85.048943,242.898834,203.796783,86.181206,224.189072,198.615128,85.035156,242.440887,240.284653,88.074677,222.941162,244.181152,86.517265,201.129593,192.202881,83.149208
138,0.690000,199.747559,249.554077,85.048271,242.898636,203.797150,86.187447,224.188080,198.620972,85.019989,242.440872,240.288528,88.076454,222.963913,244.200348,86.468353,201.122482,192.205536,83.152611
139,0.695000,199.746124,249.554535,85.050720,242.904892,203.801529,86.184341,224.214615,198.632507,84.751595,242.441956,240.287247,88.077782,223.078247,244.198593,86.566177,201.130341,192.198074,83.148170
140,0.700000,199.743988,249.557175,85.055580,242.895599,203.808044,86.182388,224.180710,198.680374,84.712448,242.439926,240.288437,88.081482,222.969849,244.211426,86.474319,201.249878,192.202866,83.091316
141,0.705000,199.763016,249.616806,85.054672,242.905655,203.805664,86.190407,224.189285,198.678589,84.724182,242.443192,240.289078,88.079704,223.068405,244.200760,86.559715,201.171555,192.224930,83.110634
142,0.710000,199.751556,249.562347,85.051331,242.904037,203.799301,86.187416,224.198898,198.659149,84.726402,242.440353,240.284882,88.083611,222.969055,244.206009,86.472328,201.148865,192.199554,83.146912
143,0.715000,199.750168,249.542297,85.048912,242.896683,203.798584,86.186859,224.196198,198.658951,84.731277,242.442459,240.280930,88.083748,223.074936,244.195343,86.567482,201.118179,192.190964,83.161514
144,0.720000,199.774612,249.607605,85.051933,242.902390,203.787476,86.182449,224.288330,198.730804,84.888954,242.444809,240.289261,88.078400,222.957062,244.208481,86.473389,201.125259,192.191910,83.161446
145,0.725000,199.756348,249.564713,85.050613,242.908020,203.796860,86.190109,224.234604,198.666336,84.744659,242.443192,240.285782,88.080421,223.003113,244.220047,86.424034,201.141129,192.194458,83.147072
146,0.730000,199.753555,249.551544,85.046715,242.907043,203.809616,86.193924,224.200745,198.654663,84.716103,242.447937,240.284897,88.075378,223.018478,244.227249,86.405113,201.144226,192.197800,83.141762
147,0.735000,199.746613,249.554123,85.056839,242.904007,203.809586,86.191734,224.286621,198.742126,84.882027,242.443329,240.284119,88.075417,223.530884,244.245956,86.143898,201.139038,192.205078,83.144859
148,0.740000,199.748840,249.559982,85.056625,242.911377,203.806168,86.192505,224.222626,198.666489,84.750992,242.444016,240.284378,88.075172,223.130585,244.343582,86.093010,201.140549,192.206024,83.148827
149,0.745000,199.746841,249.560760,85.055992,242.906342,203.798141,86.184731,224.197037,198.644775,84.703041,242.442413,240.294525,88.082787,223.035461,244.326050,86.176552,201.145142,192.207367,83.145882
150,0.750000,199.755692,249.556335,85.048645,242.904327,203.798584,86.181526,224.199219,198.654968,84.713333,242.319061,240.568863,88.103714,222.968460,244.273102,86.543831,201.131393,192.205368,83.148888
151,0.755000,199.768784,249.618576,85.054123,242.900085,203.794434,86.178543,224.201004,198.663239,84.727951,242.372925,240.403625,88.134041,222.929153,244.184067,86.529297,201.135315,192.202957,83.149582
152,0.760000,199.749466,249.568970,85.055183,242.908066,203.798004,86.186020,224.205917,198.658112,84.731514,242.445694,240.290863,88.101349,222.960342,244.201904,86.469673,201.132584,192.205780,83.155983
153,0.765000,199.746277,249.553467,85.053284,242.899323,203.803024,86.187195,224.202469,198.653488,84.719177,242.457153,240.266846,88.070244,222.994400,244.222702,86.425758,201.117294,192.198685,83.147430
154,0.770000,199.746429,249.552338,85.053162,242.892517,203.801163,86.180702,224.187469,198.656097,84.728821,242.453064,240.269623,88.065147,223.077652,244.204788,86.543549,201.125015,192.200607,83.150444
155,0.775000,199.748749,249.555222,85.054092,242.898880,203.811020,86.188934,224.193253,198.657394,84.729942,242.443298,240.279053,88.074387,222.958206,244.205551,86.475243,201.129593,192.202682,83.148109
156,0.780000,199.751541,249.553040,85.052078,242.902710,203.811249,86.186028,224.188812,198.670502,84.735558,242.442978,240.283554,88.081261,222.986694,244.216080,86.436096,201.132095,192.209595,83.146767
157,0.785000,199.741409,249.559067,85.053726,242.899490,203.797791,86.181511,224.197769,198.659332,84.728447,242.443146,240.281403,88.079926,223.002975,244.229736,86.418182,201.128250,192.212250,83.152946
158,0.790000,199.742065,249.556000,85.055038,242.904541,203.805099,86.186546,224.198349,198.654892,84.728714,242.443192,240.283615,88.082680,223.005463,244.228317,86.413727,201.250122,192.199493,83.079666
159,0.795000,199.778671,249.607407,85.048615,242.906448,203.800949,86.188522,224.205811,198.662827,84.733040,242.439575,240.292297,88.086288,222.997665,244.230469,86.422607,201.187164,192.221832,83.101860
160,0.800000,199.759018,249.560532,85.044754,242.904938,203.802704,86.185104,224.197220,198.659348,84.729866,242.442429,240.289581,88.084984,222.992889,244.219849,86.424675,201.148041,192.214294,83.138855
161,0.805000,199.747574,249.552383,85.050591,242.905914,203.805222,86.184341,224.196655,198.656723,84.732384,242.448715,240.274902,88.080002,223.000214,244.221161,86.423935,201.129333,192.200485,83.160522
162,0.810000,199.752914,249.551758,85.056770,242.903595,203.787598,86.180580,224.209885,198.651917,84.726707,242.444321,240.285385,88.082581,222.999405,244.224106,86.422005,201.133270,192.205307,83.163780
163,0.815000,199.751556,249.550125,85.052383,242.900757,203.788879,86.182663,224.206665,198.656860,84.725388,242.424744,240.334000,88.116554,223.073120,244.199402,86.563248,201.121384,192.205627,83.151627
164,0.820000,199.745712,249.555252,85.057877,242.901199,203.800537,86.180092,224.196915,198.656891,84.728745,242.431870,240.310562,88.109550,223.070862,244.125229,86.644844,201.135452,192.205215,83.149811
165,0.825000,199.750183,249.551849,85.055130,242.906296,203.803619,86.183807,224.211456,198.658401,84.728775,242.443054,240.288635,88.087402,222.940979,244.186218,86.509232,201.138046,192.202103,83.148048
166,0.830000,199.749496,249.557571,85.055840,242.837189,203.738831,86.006966,224.205612,198.664871,84.728867,242.448929,240.279602,88.075447,222.993576,244.228180,86.426125,201.126999,192.203659,83.156685
167,0.835000,199.745209,249.556229,85.053772,242.904617,203.771851,86.120392,224.203156,198.658386,84.726219,242.446838,240.278183,88.074028,223.016907,244.237625,86.390732,201.129486,192.203323,83.152184
168,0.840000,199.749725,249.551697,85.048828,242.833145,203.739609,86.013885,224.193909,198.667343,84.730240,242.446686,240.277740,88.076874,223.083817,244.214706,86.538147,201.131912,192.204529,83.152519
169,0.845000,199.746063,249.555389,85.048866,242.899353,203.780701,86.140808,224.210052,198.650345,84.724403,242.447693,240.283051,88.078682,222.961716,244.204819,86.475128,201.253265,192.198761,83.089859
170,0.850000,199.743698,249.553101,85.051270,242.904282,203.805481,86.196663,224.193283,198.649521,84.724113,242.442642,240.284546,88.081528,222.989944,244.212982,86.435501,201.276932,192.216400,83.065063
171,0.855000,199.744232,249.555832,85.052628,242.899841,203.813812,86.194565,224.196869,198.657257,84.726303,242.441513,240.290695,88.085197,223.078888,244.203583,86.555634,201.168427,192.221527,83.112961
172,0.860000,199.748230,249.555573,85.052666,242.897308,203.811478,86.191422,224.194550,198.663864,84.727600,242.437927,240.285446,88.085800,222.957535,244.208649,86.480339,201.118103,192.201950,83.165123
173,0.865000,199.745087,249.560349,85.050529,242.901642,203.797882,86.187691,224.193375,198.664398,84.733833,242.441574,240.286514,88.083572,222.980286,244.220657,86.432495,201.104523,192.202316,83.178642
174,0.870000,199.748062,249.551544,85.047180,242.898315,203.799683,86.184082,224.192734,198.657089,84.728996,242.437592,240.290588,88.084732,223.085159,244.199905,86.544579,201.107758,192.202225,83.163872
175,0.875000,199.769791,249.607300,85.044960,242.899902,203.800171,86.187355,224.193771,198.654144,84.734085,242.439468,240.291733,88.084457,222.961533,244.207550,86.473297,201.118896,192.205856,83.159851
176,0.880000,199.752640,249.566879,85.055099,242.905701,203.805542,86.186325,224.200684,198.651306,84.728859,242.442245,240.282104,88.086769,222.989563,244.223358,86.440399,201.129868,192.197418,83.154533
177,0.885000,199.769104,249.606918,85.054420,242.902481,203.801590,86.191650,224.200623,198.653183,84.724663,242.444031,240.280472,88.079872,223.013199,244.218521,86.412033,201.118759,192.206451,83.151932
178,0.890000,199.745941,249.564072,85.052475,242.900284,203.803574,86.187141,224.201569,198.660553,84.726997,242.445572,240.281586,88.080193,223.004852,244.224716,86.414406,201.128326,192.199905,83.148407
179,0.895000,199.750992,249.547974,85.047852,242.901917,203.796097,86.181877,224.193405,198.656738,84.723770,242.442337,240.275940,88.076965,223.079300,244.191803,86.557137,201.244293,192.198471,83.090141
180,0.900000,199.749969,249.546570,85.054222,242.903412,203.796173,86.181396,224.198364,198.659180,84.727081,242.442520,240.284103,88.074883,223.062439,244.125992,86.645744,201.172729,192.226898,83.113121
181,0.905000,199.743073,249.554718,85.055931,242.900787,203.803726,86.185539,224.196304,198.652298,84.721687,242.318222,240.567154,88.098549,222.975128,244.119888,86.861427,201.142029,192.213684,83.147446
182,0.910000,199.746552,249.558762,85.056915,242.900711,203.808105,86.190567,224.206024,198.653885,84.723900,242.372223,240.407715,88.132050,222.967148,244.071838,86.925095,201.135437,192.200714,83.168709
183,0.915000,199.747772,249.557205,85.054062,242.904755,203.802139,86.187584,224.293427,198.733810,84.887001,242.443604,240.297958,88.096344,222.965729,244.082016,86.928085,201.128555,192.198990,83.156799
184,0.920000,199.752945,249.552628,85.043800,242.911240,203.808395,86.186859,224.207092,198.671921,85.022728,242.461945,240.266006,88.066063,222.961258,244.095993,86.910286,201.140594,192.201752,83.147263
185,0.925000,199.754166,249.552231,85.046463,242.910690,203.804657,86.190903,224.201508,198.606781,85.037704,242.453461,240.270111,88.062325,222.926102,244.182816,86.536278,201.144211,192.200378,83.143707
186,0.930000,199.755905,249.549530,85.047318,242.901505,203.807602,86.189087,224.194336,198.601181,85.029671,242.446793,240.279877,88.072281,223.045563,244.241867,86.360321,201.137573,192.203094,83.153923
187,0.935000,199.751343,249.551346,85.049660,242.908508,203.799606,86.186745,224.198822,198.611893,85.014183,242.447891,240.283829,88.081863,223.066437,244.256287,86.333916,201.129959,192.207031,83.157814
188,0.940000,199.752487,249.553299,85.052246,242.899063,203.799896,86.184181,224.228424,198.619293,84.745300,242.444870,240.280869,88.079903,223.468567,244.355942,85.861115,201.123871,192.206299,83.160568
189,0.945000,199.774063,249.609619,85.051407,242.899338,203.803787,86.190735,224.182495,198.665710,84.710274,242.445953,240.279358,88.077927,223.232178,244.445099,86.099258,201.126175,192.200729,83.151550
190,0.950000,199.753098,249.568146,85.051537,242.901123,203.807724,86.192726,224.184433,198.677872,84.730034,242.445450,240.283340,88.078659,223.520508,244.398148,85.945442,201.136536,192.199692,83.156822
191,0.955000,199.767792,249.615128,85.052155,242.822205,203.740646,86.005653,224.186523,198.669373,84.739594,242.443130,240.288727,88.079018,223.144180,244.361359,86.078773,201.138626,192.200790,83.147400
192,0.960000,199.746582,249.570663,85.053711,242.896957,203.763657,86.115257,224.206085,198.659073,84.725662,242.442520,240.284790,88.080322,223.087692,244.240906,86.498390,201.134216,192.206299,83.146194
193,0.965000,199.740875,249.554565,85.054970,242.905258,203.800873,86.192360,224.190903,198.658127,84.734879,242.319260,240.571167,88.100906,222.961823,244.104385,86.899246,201.127960,192.206924,83.151657
194,0.970000,199.742416,249.557953,85.054092,242.903580,203.806824,86.202438,224.199203,198.656158,84.725723,242.372864,240.405640,88.134331,222.959213,244.027008,86.976181,201.251038,192.193039,83.090553
195,0.975000,199.753326,249.554962,85.047005,242.902847,203.808350,86.192841,224.202927,198.654510,84.717926,242.443222,240.290436,88.100723,222.850311,244.167831,86.770714,201.163681,192.224884,83.117851
196,0.980000,199.746582,249.550156,85.052338,242.903244,203.805756,86.189491,224.199570,198.650482,84.723274,242.455627,240.265610,88.069260,222.971069,244.211105,86.459381,201.249969,192.205139,83.091034
197,0.985000,199.747635,249.550751,85.049202,242.901566,203.803421,86.189148,224.201599,198.651978,84.734833,242.447510,240.275848,88.065445,223.065811,244.249023,86.339165,201.156601,192.227463,83.127518
198,0.990000,199.751358,249.558975,85.048813,242.903122,203.795395,86.188622,224.194077,198.660828,84.735741,242.443985,240.285980,88.072678,223.102844,244.257263,86.480309,201.130112,192.206253,83.164650
199,0.995000,199.748581,249.554276,85.052422,242.906967,203.797699,86.186920,224.203186,198.654694,84.722824,242.442734,240.286942,88.079735,223.067093,244.157730,86.596619,201.120560,192.201675,83.164345
200,1.000000,199.755737,249.553024,85.044678,242.904343,203.805206,86.190437,224.197128,198.655258,84.724983,242.443787,240.290115,88.077988,222.941696,244.187744,86.505318,201.127090,192.204254,83.151535
201,1.005000,199.752960,249.549271,85.050331,242.827820,203.733200,86.004982,224.198685,198.660309,84.727768,242.440933,240.288940,88.081261,222.989273,244.221222,86.437553,201.134048,192.196976,83.138939
202,1.010000,199.752487,249.548035,85.045715,242.904724,203.772507,86.124855,224.199936,198.654922,84.725288,242.442734,240.288071,88.080460,223.013489,244.234695,86.401352,201.142731,192.206268,83.151054
203,1.015000,199.752914,249.551071,85.052414,242.905945,203.800995,86.193649,224.210068,198.650986,84.727333,242.442352,240.283249,88.079559,223.018005,244.232895,86.404259,201.144226,192.199036,83.141159
204,1.020000,199.756531,249.548599,85.050888,242.902557,203.807739,86.194901,224.197708,198.651306,84.724289,242.445251,240.280914,88.076729,223.009872,244.222504,86.407486,201.135864,192.207916,83.159386
205,1.025000,199.752487,249.553101,85.049339,242.906097,203.803680,86.187202,224.286469,198.738647,84.891953,242.441116,240.283600,88.078789,223.530319,244.236450,86.150566,201.135162,192.199356,83.149506
206,1.030000,199.745941,249.555115,85.053421,242.908768,203.799850,86.184540,224.199203,198.663406,85.028236,242.443588,240.285263,88.079613,223.120056,244.343460,86.102158,201.134598,192.195969,83.147194
207,1.035000,199.742569,249.554794,85.054420,242.910873,203.806122,86.189636,224.193741,198.597733,85.037186,242.420471,240.335342,88.121727,223.446335,244.387390,85.864174,201.125977,192.206482,83.148643
208,1.040000,199.741150,249.556381,85.053253,242.905502,203.804489,86.187988,224.194733,198.602036,85.027878,242.432983,240.314987,88.113365,223.190018,244.374329,86.038765,201.131012,192.204071,83.149704
209,1.045000,199.747360,249.553345,85.052704,242.900253,203.799255,86.188454,224.264603,198.683502,85.162758,242.439590,240.284973,88.092491,223.458145,244.374023,85.865906,201.124298,192.208679,83.157967
210,1.050000,199.745392,249.553406,85.056145,242.899811,203.801743,86.186295,224.204636,198.634964,85.068077,242.445267,240.274597,88.077377,223.197510,244.417648,86.153854,201.242218,192.199417,83.094604
211,1.055000,199.768112,249.611450,85.054001,242.906418,203.804504,86.186531,224.228439,198.616867,84.736122,242.445312,240.279037,88.076866,223.012085,244.250793,86.395012,201.167633,192.219040,83.111954
212,1.060000,199.754303,249.566086,85.048820,242.902954,203.794083,86.179649,224.184967,198.672668,84.696922,242.440979,240.283936,88.085052,222.968491,244.139771,86.840607,201.136490,192.206909,83.147339
213,1.065000,199.742569,249.550232,85.053329,242.900528,203.798615,86.184830,224.182602,198.682678,84.728111,242.442657,240.290314,88.081093,222.854340,244.151535,86.792938,201.118576,192.194748,83.164940
214,1.070000,199.740448,249.555878,85.058952,242.899109,203.792252,86.181168,224.199646,198.662262,84.731262,242.441650,240.281525,88.082077,222.970352,244.127853,86.853966,201.112350,192.199310,83.164070
215,1.075000,199.744522,249.558853,85.053635,242.900772,203.790405,86.182373,224.206772,198.646469,84.723824,242.443298,240.285904,88.080940,222.964172,244.093857,86.899963,201.123596,192.207947,83.156952
216,1.080000,199.747650,249.553589,85.046547,242.901932,203.800476,86.178200,224.287308,198.734894,84.898727,242.441696,240.286545,88.081123,222.863480,244.177383,86.740440,201.129150,192.205078,83.154076
217,1.085000,199.746994,249.552292,85.050972,242.900543,203.791229,86.179764,224.271545,198.706192,85.150978,242.444168,240.282806,88.083336,222.953094,244.217194,86.474297,201.260910,192.194183,83.085266
218,1.090000,199.749405,249.549286,85.050827,242.907181,203.800980,86.184113,224.208572,198.609146,85.092308,242.442657,240.283844,88.077629,223.046097,244.249359,86.369011,201.193619,192.228760,83.111649
219,1.095000,199.750320,249.556671,85.056145,242.907318,203.801529,86.186607,224.199860,198.599121,85.021774,242.445190,240.284241,88.078896,223.106949,244.237579,86.492912,201.147507,192.208069,83.142441
220,1.100000,199.754593,249.549850,85.048744,242.910202,203.794952,86.181984,224.223297,198.628448,84.746353,242.448868,240.283615,88.074860,223.068039,244.154449,86.608894,201.135956,192.197540,83.158989
221,1.105000,199.742920,249.550507,85.050598,242.906357,203.797821,86.182045,224.193634,198.679276,84.711182,242.447495,240.278397,88.077965,222.952164,244.183792,86.505615,201.132370,192.187195,83.147942
222,1.110000,199.748474,249.552536,85.053810,242.907333,203.808151,86.183647,224.205963,198.685669,84.721809,242.445007,240.280045,88.082993,222.989059,244.217850,86.429794,201.133438,192.193542,83.150658
223,1.115000,199.747864,249.552353,85.055199,242.908615,203.805206,86.190750,224.204971,198.666916,84.722031,242.445480,240.284317,88.085968,223.012451,244.240005,86.403038,201.133560,192.204086,83.154953
224,1.120000,199.752045,249.555847,85.058739,242.909821,203.806656,86.191467,224.199432,198.651703,84.727386,242.444641,240.285507,88.087517,223.083176,244.210907,86.536354,201.136826,192.204010,83.153976
225,1.125000,199.746231,249.556351,85.058655,242.910049,203.806122,86.189972,224.203247,198.654831,84.729172,242.445404,240.288269,88.084160,223.061127,244.138672,86.638184,201.134262,192.205170,83.158180
226,1.130000,199.745407,249.557205,85.058746,242.905548,203.804367,86.190964,224.202164,198.655243,84.733444,242.443436,240.287155,88.086052,222.934769,244.191528,86.517525,201.124100,192.207748,83.162842
227,1.135000,199.773071,249.608337,85.053284,242.902527,203.804123,86.187134,224.194122,198.651581,84.725044,242.444595,240.285583,88.086815,222.987106,244.224167,86.433037,201.117233,192.205154,83.168396
228,1.140000,199.760132,249.560410,85.044128,242.907761,203.801559,86.188629,224.191498,198.651169,84.727776,242.442093,240.284668,88.081696,223.084778,244.215286,86.529533,201.122055,192.203186,83.160629
229,1.145000,199.746338,249.552246,85.049141,242.899429,203.797836,86.189827,224.198898,198.653229,84.728142,242.441406,240.286697,88.077629,223.066132,244.156174,86.620346,201.121353,192.199692,83.154762
230,1.150000,199.743683,249.553650,85.057899,242.904083,203.803940,86.187126,224.199997,198.654449,84.728180,242.446442,240.278595,88.077019,222.940140,244.196793,86.508339,201.117905,192.208710,83.155792
231,1.155000,199.741669,249.561493,85.054901,242.906494,203.791672,86.181480,224.197205,198.661758,84.738205,242.444122,240.280914,88.079308,222.986877,244.222504,86.433632,201.243607,192.201096,83.089874
232,1.160000,199.746094,249.558685,85.055298,242.902435,203.799423,86.181870,224.190842,198.665237,84.737267,242.440857,240.281143,88.079826,223.009445,244.239471,86.400528,201.178925,192.220886,83.109741
233,1.165000,199.751373,249.558670,85.052711,242.901001,203.809494,86.185722,224.204681,198.654831,84.725525,242.443192,240.288437,88.080009,223.006943,244.239151,86.401779,201.133453,192.217148,83.151741
234,1.170000,199.748871,249.559402,85.054649,242.902496,203.799057,86.182800,224.202911,198.656021,84.728569,242.441360,240.289017,88.084267,223.004669,244.222824,86.413132,201.122818,192.202942,83.166229
235,1.175000,199.768921,249.615326,85.054482,242.828247,203.734024,86.000420,224.196198,198.654175,84.721375,242.421112,240.338226,88.118187,223.468033,244.344101,85.869614,201.244583,192.200943,83.093002
236,1.180000,199.778320,249.626266,85.044525,242.902603,203.778076,86.121735,224.204254,198.655365,84.718658,242.429108,240.315216,88.108978,223.219696,244.394562,86.011398,201.180176,192.220367,83.115341
237,1.185000,199.749481,249.564133,85.048149,242.908447,203.807785,86.195419,224.203430,198.659698,84.735985,242.440582,240.289017,88.085754,223.462448,244.385239,85.858498,201.132874,192.209763,83.144417
238,1.190000,199.748672,249.541626,85.049309,242.908249,203.806152,86.193741,224.211288,198.645355,84.724136,242.448257,240.274078,88.072563,223.444122,244.411316,85.858330,201.122818,192.200165,83.158195
239,1.195000,199.744934,249.543686,85.053917,242.907410,203.800232,86.188110,224.209183,198.649734,84.726791,242.445786,240.275269,88.071236,223.140320,244.362320,86.077888,201.126007,192.197632,83.167076
240,1.200000,199.753738,249.551025,85.056015,242.904236,203.800308,86.181374,224.203308,198.657349,84.727493,242.446014,240.279572,88.074959,223.014481,244.243744,86.397797,201.123795,192.205139,83.167763
241,1.205000,199.746140,249.559525,85.056801,242.902115,203.789917,86.178513,224.291412,198.742447,84.895966,242.322784,240.566650,88.097824,222.943848,244.192581,86.506851,201.254730,192.196350,83.088394
242,1.210000,199.738159,249.565689,85.058136,242.907639,203.793564,86.183838,224.207016,198.678467,85.027374,242.372299,240.405411,88.131989,223.554245,244.180969,86.205086,201.183670,192.228012,83.108856
243,1.215000,199.748795,249.558304,85.060509,242.897934,203.800446,86.186501,224.197174,198.608444,85.041756,242.442719,240.293930,88.102867,223.105408,244.339676,86.121162,201.146210,192.207779,83.142281
244,1.220000,199.750732,249.559448,85.050102,242.904160,203.801743,86.186974,224.192856,198.607864,85.029343,242.456497,240.271240,88.077423,223.025269,244.328125,86.182564,201.122482,192.201920,83.158966
245,1.225000,199.752762,249.552368,85.052017,242.894958,203.798386,86.188751,224.190872,198.623779,85.024948,242.449829,240.276703,88.073059,223.038147,244.247513,86.370956,201.115845,192.200394,83.163574
246,1.230000,199.743668,249.555008,85.055984,242.900085,203.799072,86.187553,224.216156,198.623169,84.745621,242.444962,240.283157,88.075592,222.858322,244.235168,86.490143,201.127472,192.195389,83.156593
247,1.235000,199.743149,249.551559,85.056908,242.903671,203.788101,86.182755,224.177170,198.666977,84.713806,242.443054,240.281799,88.079559,223.048584,244.148422,86.625084,201.124420,192.204559,83.148598
248,1.240000,199.744476,249.553421,85.049469,242.904495,203.799988,86.185226,224.189453,198.667023,84.721939,242.446854,240.279083,88.077660,222.939240,244.189896,86.511208,201.122177,192.213760,83.153618
249,1.245000,199.746658,249.554977,85.049812,242.900482,203.808517,86.191711,224.196808,198.658936,84.728447,242.445129,240.281219,88.076027,222.994370,244.218536,86.418083,201.118942,192.208557,83.153236
250,1.250000,199.744888,249.556076,85.051201,242.905716,203.807251,86.188820,224.202698,198.655930,84.725021,242.445679,240.276917,88.074371,223.019653,244.235153,86.393234,201.245514,192.200867,83.093765
251,1.255000,199.765533,249.614243,85.053162,242.905762,203.808914,86.188202,224.201141,198.660583,84.724533,242.445786,240.282791,88.069252,223.011368,244.232834,86.402832,201.177155,192.220215,83.121895
252,1.260000,199.763443,249.568008,85.048904,242.901367,203.800690,86.190643,224.209152,198.650848,84.718643,242.442734,240.286850,88.078011,223.079330,244.198883,86.554474,201.137360,192.211258,83.146660
253,1.265000,199.771118,249.610306,85.048599,242.900925,203.806244,86.187775,224.205612,198.652603,84.726982,242.440247,240.287048,88.085274,222.956100,244.198166,86.482658,201.118759,192.198441,83.166229
254,1.270000,199.758011,249.567993,85.049423,242.908829,203.803101,86.192093,224.207443,198.654465,84.725281,242.442978,240.289841,88.085892,222.986588,244.215790,86.434341,201.117203,192.193298,83.166267
255,1.275000,199.750031,249.552124,85.054138,242.905960,203.803513,86.188393,224.210800,198.653351,84.722778,242.442337,240.284286,88.083794,223.009216,244.228333,86.408096,201.129074,192.194839,83.155632
256,1.280000,199.757401,249.543198,85.041786,242.900024,203.798965,86.183655,224.209091,198.651794,84.726204,242.447800,240.283188,88.074669,223.014465,244.223557,86.407692,201.146088,192.197098,83.151222
257,1.285000,199.759689,249.546219,85.044472,242.897751,203.786194,86.180611,224.301331,198.727737,84.883583,242.443405,240.286575,88.072411,223.083710,244.191742,86.555939,201.139420,192.203186,83.144669
258,1.290000,199.745987,249.555695,85.052628,242.906082,203.790375,86.180511,224.207001,198.673996,85.023117,242.440811,240.278717,88.070190,223.069336,244.121521,86.645599,201.125122,192.206070,83.155182
259,1.295000,199.745895,249.553787,85.054771,242.908203,203.804672,86.187408,224.202393,198.608444,85.040413,242.449234,240.274994,88.072525,222.938202,244.189072,86.506287,201.247894,192.194595,83.088219
260,1.300000,199.748535,249.551285,85.052963,242.907043,203.809418,86.190895,224.191422,198.607498,85.034889,242.445724,240.281326,88.078148,222.996735,244.229233,86.424591,201.178574,192.224365,83.113068
261,1.305000,199.754272,249.556778,85.048111,242.906174,203.806534,86.191177,224.199524,198.612518,85.019066,242.442062,240.289917,88.082703,223.018356,244.241058,86.395195,201.143036,192.206467,83.140343
262,1.310000,199.751663,249.556610,85.053070,242.903244,203.793991,86.187576,224.218155,198.630112,84.746826,242.438019,240.289978,88.084305,223.079834,244.216476,86.538918,201.116287,192.201721,83.163750
263,1.315000,199.750076,249.557037,85.050735,242.911728,203.806351,86.188148,224.189636,198.673233,84.709572,242.444809,240.289917,88.083542,222.960480,244.200974,86.476463,201.120453,192.199478,83.166069
264,1.320000,199.749222,249.552567,85.049866,242.902664,203.790970,86.183647,224.180374,198.682053,84.726212,242.442947,240.285782,88.084839,223.067078,244.182556,86.575829,201.129929,192.200760,83.155853
265,1.325000,199.743790,249.557098,85.052803,242.900223,203.803268,86.185150,224.187729,198.666977,84.726173,242.440689,240.286377,88.082115,222.963165,244.200485,86.479637,201.129471,192.199448,83.147278
266,1.330000,199.745224,249.557663,85.053223,242.897980,203.805313,86.186584,224.201660,198.653152,84.721916,242.441940,240.279099,88.074883,222.986862,244.222504,86.426628,201.130219,192.205887,83.146255
267,1.335000,199.744629,249.552277,85.050377,242.899429,203.796875,86.189255,224.195770,198.650604,84.730087,242.448410,240.278214,88.072945,223.005661,244.231262,86.411255,201.127960,192.205719,83.149055
268,1.340000,199.751236,249.547836,85.049591,242.900253,203.794891,86.183311,224.194153,198.654785,84.738045,242.443848,240.281250,88.077171,223.078934,244.205719,86.552536,201.127304,192.206421,83.159508
269,1.345000,199.747513,249.552307,85.056175,242.893753,203.790482,86.182281,224.204498,198.651917,84.732079,242.444168,240.276657,88.080276,222.952667,244.200699,86.483231,201.119370,192.207550,83.158707
270,1.350000,199.745544,249.559799,85.062798,242.902527,203.803467,86.189827,224.200226,198.658661,84.729637,242.444733,240.282211,88.084610,222.988556,244.213760,86.435516,201.134369,192.202942,83.155884
271,1.355000,199.755219,249.560165,85.051613,242.908081,203.814117,86.194046,224.200516,198.663010,84.735268,242.441986,240.288544,88.087753,223.080078,244.203613,86.552467,201.126343,192.212357,83.157776
272,1.360000,199.746307,249.556976,85.055191,242.909256,203.812210,86.189087,224.204391,198.666763,84.735374,242.444443,240.289597,88.083313,223.070755,244.139877,86.629723,201.128418,192.205017,83.150002
273,1.365000,199.750519,249.554611,85.052254,242.909317,203.804153,86.185417,224.208832,198.664810,84.730225,242.444397,240.285614,88.082314,222.943909,244.194794,86.499641,201.139771,192.207474,83.152969
274,1.370000,199.749023,249.556229,85.052269,242.912003,203.799698,86.187904,224.211761,198.656891,84.730568,242.442505,240.290359,88.082314,223.070251,244.204971,86.558365,201.135300,192.211365,83.151291
275,1.375000,199.751984,249.554977,85.057190,242.904877,203.791794,86.183983,224.201675,198.648178,84.725357,242.442551,240.286850,88.082275,222.983871,244.207413,86.462578,201.140854,192.209686,83.153145
276,1.380000,199.757355,249.547134,85.053047,242.906204,203.794632,86.184013,224.208923,198.651169,84.719582,242.442154,240.285416,88.081871,223.001175,244.225098,86.425377,201.138657,192.203049,83.152122
277,1.385000,199.750687,249.546631,85.051422,242.902573,203.802429,86.182236,224.214188,198.652222,84.716553,242.443222,240.287491,88.085663,223.091049,244.198822,86.545860,201.132095,192.208023,83.153625
278,1.390000,199.750992,249.545898,85.054115,242.905945,203.808228,86.189659,224.200851,198.652771,84.729149,242.444916,240.288727,88.083344,223.444138,244.191803,86.247826,201.130615,192.211517,83.162605
279,1.395000,199.750183,249.546127,85.053986,242.902634,203.791122,86.180748,224.208801,198.655289,84.733665,242.446045,240.284607,88.081566,223.153641,244.284058,86.406403,201.136490,192.208832,83.153702
280,1.400000,199.750153,249.554504,85.052666,242.901108,203.786118,86.178085,224.202637,198.662781,84.726860,242.441711,240.283997,88.079201,222.984726,244.223099,86.443344,201.140671,192.203018,83.152519
281,1.405000,199.753723,249.551773,85.053085,242.902786,203.797028,86.184456,224.202423,198.662582,84.723946,242.442810,240.282745,88.081375,222.964706,244.208923,86.457222,201.130310,192.204102,83.152496
282,1.410000,199.748611,249.555481,85.056984,242.908920,203.802475,86.188866,224.199554,198.663864,84.728668,242.443237,240.286758,88.086113,223.534714,244.217331,86.160332,201.245712,192.189896,83.087753
283,1.415000,199.750397,249.555344,85.053696,242.903290,203.798492,86.183151,224.197281,198.661011,84.731064,242.443192,240.288849,88.085526,223.113266,244.347397,86.100685,201.164688,192.219528,83.116127
284,1.420000,199.748413,249.558640,85.047501,242.893173,203.801483,86.184586,224.196777,198.661987,84.731041,242.443756,240.284561,88.079559,223.114883,244.281006,86.438087,201.249878,192.199127,83.087982
285,1.425000,199.737915,249.557648,85.054924,242.893616,203.801971,86.183258,224.200226,198.657104,84.726761,242.444382,240.274521,88.075951,222.968063,244.142014,86.849716,201.165359,192.222504,83.119797
286,1.430000,199.743942,249.556931,85.056633,242.905609,203.802475,86.184021,224.198822,198.656128,84.717995,242.441544,240.277100,88.079567,222.960358,244.036621,86.968834,201.131851,192.207520,83.149231
287,1.435000,199.739380,249.555481,85.059998,242.900192,203.792831,86.181625,224.202011,198.656036,84.721863,242.441345,240.285812,88.077621,222.852875,244.160294,86.773552,201.250916,192.197647,83.098495
288,1.440000,199.745377,249.556046,85.053833,242.907379,203.794525,86.180611,224.200378,198.657806,84.730736,242.316879,240.565811,88.098289,222.968964,244.202850,86.458145,201.277649,192.217178,83.070419
289,1.445000,199.748550,249.553925,85.050095,242.895767,203.788193,86.177727,224.202820,198.650360,84.723633,242.368500,240.400757,88.130829,223.114532,244.255035,86.469131,201.168381,192.226837,83.111794
290,1.450000,199.749207,249.551834,85.044464,242.906815,203.807083,86.185890,224.203308,198.647522,84.717728,242.443939,240.285782,88.097504,223.013031,244.234070,86.410812,201.128952,192.203644,83.156212
291,1.455000,199.749054,249.547928,85.051834,242.907059,203.807663,86.192123,224.208252,198.658356,84.725082,242.456802,240.258301,88.066391,223.003235,244.222443,86.411728,201.110718,192.188507,83.165169
292,1.460000,199.743423,249.554688,85.059204,242.896973,203.793915,86.181366,224.202988,198.659302,84.726196,242.452530,240.267166,88.062653,223.080597,244.192429,86.564148,201.119308,192.190781,83.164024
293,1.465000,199.748749,249.551910,85.056618,242.902664,203.795273,86.181870,224.200226,198.658310,84.737068,242.442291,240.280212,88.072067,222.955658,244.197281,86.491974,201.137344,192.189590,83.150375
294,1.470000,199.747299,249.550888,85.054192,242.907700,203.798859,86.188240,224.206284,198.659027,84.728607,242.441422,240.281693,88.076538,223.055176,244.192154,86.583504,201.137589,192.204498,83.145676
295,1.475000,199.749939,249.553391,85.054337,242.916061,203.808594,86.192650,224.206757,198.656525,84.723953,242.443756,240.278687,88.080444,222.968048,244.203888,86.474030,201.135574,192.207199,83.148857
296,1.480000,199.746155,249.553101,85.059975,242.908325,203.807373,86.194321,224.196106,198.649490,84.726715,242.317123,240.565399,88.100761,223.010361,244.211060,86.412994,201.131058,192.208054,83.155769
297,1.485000,199.747238,249.552277,85.056099,242.901810,203.802643,86.183319,224.198822,198.647171,84.729584,242.375183,240.400742,88.131172,223.082809,244.211990,86.545471,201.133072,192.205048,83.142502
298,1.490000,199.750183,249.551926,85.052811,242.902817,203.798950,86.184265,224.208176,198.656158,84.727608,242.445267,240.282761,88.095299,223.065659,244.137268,86.628853,201.264984,192.200027,83.081306
299,1.495000,199.769974,249.605209,85.050453,242.905212,203.802841,86.188957,224.206696,198.656006,84.718262,242.458328,240.259247,88.069107,223.572754,244.137848,86.229813,201.171799,192.226471,83.116798
300,1.500000,199.752640,249.559982,85.049530,242.901855,203.800644,86.187019,224.203705,198.663330,84.722374,242.451523,240.269241,88.064308,223.152176,244.363037,86.228508,201.135162,192.204742,83.155663
301,1.505000,199.748398,249.551559,85.050835,242.902908,203.792007,86.182152,224.193893,198.661896,84.734276,242.442581,240.283585,88.071831,223.060150,244.261322,86.339439,201.120468,192.193817,83.159203
302,1.510000,199.751648,249.556595,85.049408,242.901169,203.799896,86.186211,224.196320,198.656479,84.730301,242.442108,240.285858,88.081543,222.978241,244.218567,86.447090,201.248520,192.194626,83.096024
303,1.515000,199.771317,249.611862,85.052750,242.904175,203.804611,86.186584,224.198837,198.663406,84.727577,242.440536,240.286285,88.082863,223.061386,244.159790,86.614265,201.178604,192.225418,83.112473
304,1.520000,199.756607,249.565994,85.044449,242.901169,203.804535,86.186394,224.199677,198.664383,84.732765,242.316406,240.571167,88.104279,222.936432,244.192795,86.512970,201.143951,192.214783,83.145615
305,1.525000,199.751312,249.549164,85.044052,242.895355,203.788834,86.184647,224.191330,198.660309,84.736610,242.372238,240.408401,88.138741,223.065567,244.195480,86.572655,201.120804,192.202332,83.157059
306,1.530000,199.745605,249.553284,85.055733,242.899933,203.804321,86.190369,224.208572,198.650192,84.725716,242.442551,240.290268,88.103302,223.071075,244.148224,86.620285,201.121246,192.202515,83.162132
307,1.535000,199.739929,249.558105,85.055435,242.900330,203.793076,86.182312,224.300232,198.723831,84.887665,242.460938,240.260086,88.068695,222.967178,244.148590,86.841591,201.124832,192.203400,83.151245
308,1.540000,199.750717,249.554352,85.051315,242.905884,203.795090,86.184471,224.206848,198.658707,85.016373,242.454559,240.264923,88.059341,222.863983,244.173965,86.747498,201.131821,192.211578,83.152184
309,1.545000,199.745178,249.553253,85.053474,242.905807,203.799774,86.187340,224.200104,198.605927,85.035454,242.443954,240.275742,88.072868,222.939758,244.201157,86.487762,201.254791,192.210220,83.092552
310,1.550000,199.748108,249.556122,85.054596,242.907959,203.789551,86.184219,224.195786,198.609879,85.027237,242.446579,240.288925,88.077904,223.039688,244.240524,86.377403,201.181320,192.225174,83.105522
311,1.555000,199.747116,249.553284,85.057449,242.903168,203.794174,86.183960,224.198090,198.624481,85.015831,242.423798,240.335861,88.117104,223.045044,244.247375,86.363106,201.145050,192.202667,83.139725
312,1.560000,199.748672,249.554398,85.055580,242.910751,203.803909,86.193283,224.219315,198.630371,84.748695,242.433609,240.316879,88.108765,223.471130,244.350555,85.870667,201.130173,192.198364,83.168488
313,1.565000,199.750275,249.556564,85.058929,242.902908,203.794434,86.186859,224.271042,198.770004,84.874092,242.443161,240.292282,88.085136,223.216507,244.381943,86.014267,201.249435,192.198761,83.099945
314,1.570000,199.747437,249.555298,85.052193,242.902695,203.804108,86.185928,224.207504,198.690765,84.749207,242.445068,240.281921,88.071350,223.112473,244.272202,86.441917,201.174347,192.228363,83.119339
315,1.575000,199.750885,249.551544,85.051369,242.908157,203.799332,86.186913,224.202271,198.651215,84.708809,242.444183,240.280106,88.069496,222.970322,244.114929,86.881149,201.140503,192.208511,83.147156
316,1.580000,199.746124,249.550720,85.050217,242.905914,203.800201,86.185699,224.193390,198.648621,84.727272,242.445648,240.280502,88.075165,222.851395,244.145813,86.800507,201.123611,192.200638,83.162132
317,1.585000,199.743591,249.551620,85.051430,242.825104,203.728256,86.006294,224.201218,198.652222,84.729919,242.442688,240.281082,88.079216,222.966370,244.144531,86.847221,201.122772,192.201401,83.160065
318,1.590000,199.750168,249.551254,85.051247,242.898773,203.755447,86.121223,224.202225,198.649933,84.721107,242.443924,240.285934,88.082474,222.964905,244.116364,86.898239,201.127304,192.203430,83.150810
319,1.595000,199.751801,249.549988,85.050591,242.901779,203.789673,86.189125,224.280991,198.737213,84.888275,242.442627,240.284821,88.080109,222.967987,244.088150,86.904480,201.126465,192.206436,83.162819
320,1.600000,199.771820,249.612198,85.051613,242.898300,203.808685,86.194786,224.211334,198.689209,84.756615,242.443832,240.281967,88.082260,222.865692,244.179733,86.730339,201.130753,192.201233,83.159836
321,1.605000,199.756714,249.569290,85.046440,242.898163,203.808517,86.187675,224.192093,198.669785,84.717911,242.444351,240.286072,88.079506,222.962372,244.210785,86.457199,201.238525,192.190491,83.086998
322,1.610000,199.748489,249.556046,85.052498,242.897018,203.801254,86.185402,224.190186,198.656143,84.721909,242.442703,240.285568,88.081314,223.046677,244.249573,86.358322,201.173264,192.216064,83.115433
323,1.615000,199.739807,249.556229,85.056198,242.909409,203.806427,86.186760,224.196991,198.657608,84.726440,242.441818,240.282516,88.080711,223.050186,244.248016,86.364464,201.134964,192.199646,83.138184
324,1.620000,199.749344,249.551697,85.047020,242.903015,203.803070,86.187279,224.203079,198.655807,84.723961,242.447311,240.277222,88.074364,223.083481,244.213440,86.541290,201.247070,192.201492,83.093521
325,1.625000,199.749054,249.552475,85.054008,242.902420,203.802078,86.181236,224.291870,198.733490,84.889114,242.314987,240.566635,88.101959,222.953445,244.198349,86.486153,201.175980,192.223541,83.112434
326,1.630000,199.749359,249.553162,85.054192,242.898010,203.800751,86.186440,224.194397,198.670029,85.027885,242.372040,240.405502,88.135239,222.975494,244.219498,86.444458,201.134171,192.217361,83.148521
327,1.635000,199.752441,249.550766,85.048714,242.900589,203.798645,86.181465,224.187775,198.608490,85.039474,242.444016,240.295364,88.103226,223.006790,244.224960,86.415390,201.111267,192.207367,83.169876
328,1.640000,199.749084,249.549210,85.053925,242.907425,203.801071,86.190025,224.190811,198.602798,85.028450,242.459320,240.263672,88.072380,223.082291,244.201462,86.544205,201.131149,192.190491,83.153786
329,1.645000,199.749588,249.545410,85.054710,242.902527,203.794556,86.188293,224.193207,198.621521,85.016823,242.450439,240.272156,88.070190,222.965302,244.201340,86.476700,201.138794,192.202667,83.149345
330,1.650000,199.743011,249.550079,85.055733,242.906967,203.799347,86.188400,224.225677,198.624252,84.744888,242.445908,240.284317,88.078171,223.079285,244.180923,86.570930,201.133911,192.210968,83.148193
331,1.655000,199.752182,249.550919,85.055016,242.906006,203.790726,86.184692,224.193848,198.672897,84.709198,242.444992,240.287354,88.082039,223.067368,244.136642,86.641930,201.131073,192.206467,83.149742
332,1.660000,199.751846,249.548859,85.046661,242.906403,203.792313,86.182579,224.195496,198.668839,84.719284,242.441467,240.289673,88.083740,222.910599,244.149872,86.863075,201.136475,192.202850,83.156288
333,1.665000,199.756958,249.547531,85.047829,242.909592,203.795624,86.184662,224.205521,198.654648,84.726311,242.320816,240.567612,88.101418,222.859192,244.169785,86.757736,201.126724,192.202988,83.158493
334,1.670000,199.750031,249.546997,85.050392,242.908081,203.801361,86.180107,224.211243,198.652893,84.722359,242.379822,240.403519,88.133896,222.950150,244.192307,86.490227,201.133377,192.205872,83.154190
335,1.675000,199.752350,249.549072,85.054794,242.905411,203.802567,86.184990,224.196274,198.654160,84.729126,242.442429,240.288437,88.102531,223.037048,244.239227,86.374138,201.136047,192.206558,83.149414
336,1.680000,199.742569,249.553391,85.050880,242.901215,203.801208,86.182823,224.194626,198.654709,84.728355,242.333908,240.555725,88.108147,223.455231,244.372742,85.867859,201.134979,192.207199,83.146240
337,1.685000,199.748871,249.557892,85.058884,242.897949,203.804291,86.188019,224.297989,198.740402,84.884674,242.379410,240.401184,88.132698,223.228912,244.388000,86.001648,201.136948,192.201721,83.136368
338,1.690000,199.745010,249.553604,85.054192,242.901886,203.794876,86.187645,224.219162,198.678329,84.750946,242.443527,240.288376,88.097679,223.118515,244.284256,86.439690,201.148071,192.198395,83.135780
339,1.695000,199.750366,249.553116,85.053238,242.904190,203.798035,86.183014,224.185822,198.656815,84.718452,242.456253,240.264114,88.071411,222.929718,244.186569,86.520752,201.133377,192.209579,83.150620
340,1.700000,199.749054,249.553146,85.056183,242.901871,203.808167,86.186768,224.191742,198.653427,84.723694,242.446579,240.275238,88.072731,223.054626,244.129013,86.648666,201.126724,192.198792,83.147728
341,1.705000,199.747208,249.549133,85.050438,242.901520,203.804169,86.188194,224.191757,198.658951,84.735184,242.441742,240.279312,88.076973,222.943085,244.190048,86.516418,201.127869,192.200211,83.150909
342,1.710000,199.747925,249.549728,85.049942,242.901321,203.801559,86.185471,224.203918,198.648346,84.719009,242.442505,240.279160,88.080910,222.994247,244.223862,86.423248,201.123138,192.195267,83.151802
343,1.715000,199.747406,249.555969,85.052422,242.900024,203.797043,86.186279,224.205429,198.650742,84.726997,242.442200,240.281448,88.081520,223.022278,244.228531,86.387314,201.131393,192.200027,83.154510
344,1.720000,199.751831,249.553619,85.049904,242.901184,203.790390,86.180550,224.201996,198.652405,84.728157,242.441467,240.290924,88.081848,223.018356,244.230286,86.402718,201.124451,192.206757,83.146591
345,1.725000,199.744629,249.556244,85.053772,242.904755,203.805771,86.186569,224.291870,198.735962,84.896400,242.439590,240.286911,88.083115,223.004181,244.224152,86.417610,201.128357,192.218491,83.154137
346,1.730000,199.743988,249.553192,85.053818,242.901703,203.805191,86.185059,224.198273,198.673447,85.024071,242.440796,240.287781,88.079819,222.993576,244.224655,86.425499,201.130753,192.210205,83.152779
347,1.735000,199.745926,249.554459,85.051605,242.901291,203.809235,86.191765,224.201004,198.609451,85.041016,242.437683,240.285065,88.085060,223.547531,244.225540,86.144928,201.262054,192.200348,83.083122
348,1.740000,199.751724,249.555664,85.049171,242.912384,203.808258,86.194901,224.194046,198.606598,85.029327,242.439926,240.286545,88.083626,223.163010,244.364227,86.222397,201.183411,192.228195,83.109116
349,1.745000,199.755569,249.553879,85.050453,242.909607,203.805145,86.188721,224.197708,198.615082,85.018723,242.438995,240.283447,88.084816,223.039307,244.250931,86.372292,201.146133,192.205185,83.151497
350,1.750000,199.751694,249.552444,85.045540,242.903595,203.802750,86.183983,224.229416,198.627274,84.746536,242.445312,240.281982,88.079536,223.076004,244.145279,86.606781,201.117523,192.197647,83.164650
351,1.755000,199.750076,249.556030,85.048996,242.901901,203.796982,86.182220,224.191757,198.666733,84.705833,242.446289,240.279205,88.073593,223.478012,244.184464,86.091515,201.252609,192.189972,83.090981
352,1.760000,199.751801,249.550613,85.048927,242.904770,203.789917,86.182053,224.199646,198.671631,84.719307,242.445816,240.282135,88.076080,223.182541,244.358215,86.043121,201.185013,192.225983,83.106682
353,1.765000,199.775497,249.606400,85.055771,242.899612,203.795700,86.184662,224.198868,198.657410,84.724335,242.442871,240.283295,88.076996,223.076324,244.337494,86.131561,201.137436,192.216293,83.144218
354,1.770000,199.753052,249.566345,85.048843,242.903076,203.803070,86.189163,224.203049,198.656937,84.730026,242.444000,240.281219,88.077766,222.904663,244.283524,86.420731,201.113083,192.208054,83.161987
355,1.775000,199.750381,249.551376,85.049507,242.903961,203.800995,86.185669,224.201294,198.658020,84.727974,242.447205,240.283600,88.077271,222.943604,244.199142,86.498642,201.125793,192.199265,83.161446
356,1.780000,199.749359,249.557587,85.058685,242.904022,203.805344,86.188896,224.199600,198.660187,84.723289,242.443344,240.284149,88.078323,223.060715,244.141632,86.628067,201.117584,192.210220,83.165154
357,1.785000,199.752487,249.556854,85.055847,242.903183,203.798203,86.187271,224.201218,198.664017,84.728462,242.442154,240.290298,88.082413,222.973755,244.126740,86.860413,201.113953,192.201019,83.152687
358,1.790000,199.745361,249.559692,85.050011,242.899521,203.799423,86.185371,224.192886,198.664978,84.728874,242.443481,240.288406,88.079849,222.861252,244.170593,86.754791,201.118820,192.201355,83.146500
359,1.795000,199.748077,249.559753,85.052177,242.900040,203.802277,86.184448,224.191345,198.663727,84.730598,242.439987,240.288116,88.081604,223.060791,244.137665,86.628395,201.127274,192.205444,83.153687
360,1.800000,199.744110,249.558273,85.056923,242.906250,203.799301,86.184456,224.202789,198.657669,84.725067,242.439728,240.288452,88.080666,223.073746,244.161194,86.601570,201.128006,192.201447,83.146324
361,1.805000,199.744781,249.556015,85.057167,242.901672,203.800491,86.189041,224.209610,198.656326,84.721695,242.443268,240.284256,88.073875,223.070465,244.156128,86.610741,201.117325,192.210083,83.154427
362,1.810000,199.747131,249.552094,85.047623,242.902969,203.801987,86.191002,224.188782,198.656403,84.735085,242.446579,240.286652,88.070740,223.059814,244.141968,86.630798,201.133499,192.204514,83.155792
363,1.815000,199.751450,249.549637,85.048279,242.909866,203.804321,86.188271,224.197159,198.650726,84.728279,242.445724,240.284821,88.074203,223.067963,244.127991,86.642456,201.138565,192.206146,83.148361
364,1.820000,199.748886,249.553162,85.051201,242.903381,203.800751,86.189125,224.200027,198.657776,84.733826,242.440399,240.290070,88.081520,223.062881,244.128616,86.645432,201.139709,192.205124,83.141968
365,1.825000,199.739105,249.553787,85.050835,242.902679,203.801529,86.189026,224.199005,198.663803,84.729370,242.438354,240.288055,88.085930,222.960800,244.194305,86.479080,201.142258,192.200623,83.150459
366,1.830000,199.750381,249.553131,85.049377,242.902222,203.803696,86.187279,224.208694,198.655106,84.729843,242.444153,240.288940,88.085175,223.010620,244.232285,86.401787,201.268799,192.196701,83.094269
367,1.835000,199.762360,249.548538,85.048523,242.903091,203.806534,86.188095,224.208054,198.652222,84.729187,242.440140,240.289261,88.086082,223.101318,244.222015,86.513649,201.181274,192.222916,83.111824
368,1.840000,199.754868,249.553192,85.043282,242.901367,203.804565,86.185791,224.201126,198.651779,84.726654,242.443512,240.289520,88.083229,223.073486,244.152206,86.614723,201.160004,192.200943,83.144661
369,1.845000,199.757599,249.553329,85.048576,242.904480,203.799698,86.188194,224.202499,198.650024,84.725227,242.445053,240.285950,88.077278,222.944687,244.193069,86.505478,201.117508,192.196167,83.159859
370,1.850000,199.744949,249.555771,85.050728,242.902008,203.800323,86.185707,224.211014,198.649384,84.720650,242.444489,240.278275,88.073990,222.999741,244.213425,86.426315,201.124420,192.193924,83.162270
371,1.855000,199.752060,249.552490,85.053932,242.902695,203.805176,86.188225,224.193817,198.659805,84.733673,242.442078,240.283844,88.076195,223.093079,244.207001,86.529205,201.119659,192.207657,83.151581
372,1.860000,199.744705,249.556641,85.056931,242.896286,203.805054,86.185829,224.207138,198.657089,84.725845,242.417786,240.331589,88.118462,222.972733,244.208893,86.464096,201.148285,192.206787,83.142677
373,1.865000,199.744095,249.553848,85.052155,242.903046,203.795135,86.182869,224.204544,198.658722,84.724022,242.430710,240.310165,88.108307,223.063873,244.201431,86.574127,201.137863,192.211456,83.147713
374,1.870000,199.771225,249.614304,85.049232,242.899811,203.804199,86.183708,224.194702,198.655258,84.728073,242.444199,240.287994,88.084900,223.066223,244.136215,86.638397,201.136032,192.206543,83.148827
375,1.875000,199.777298,249.633026,85.050583,242.900497,203.806488,86.186577,224.196487,198.658310,84.728149,242.443848,240.276749,88.072578,222.939636,244.190826,86.505814,201.127701,192.206314,83.156898
376,1.880000,199.747330,249.563583,85.051521,242.901367,203.804230,86.189835,224.195618,198.657059,84.727684,242.442230,240.281494,88.070564,223.075729,244.197327,86.552979,201.124176,192.201904,83.153145
377,1.885000,199.746597,249.546692,85.053947,242.900360,203.802124,86.192879,224.185089,198.662109,84.740227,242.441406,240.288437,88.080376,222.973190,244.209183,86.458977,201.115646,192.193665,83.152679
378,1.890000,199.748520,249.551865,85.053337,242.898392,203.790878,86.186745,224.198227,198.648514,84.731979,242.442474,240.286865,88.084740,222.994003,244.224838,86.415901,201.118698,192.199799,83.160423
379,1.895000,199.745377,249.553299,85.051956,242.897995,203.791885,86.182579,224.198074,198.650665,84.730888,242.441971,240.286972,88.083229,223.006653,244.230270,86.413605,201.120956,192.206039,83.161026
380,1.900000,199.750107,249.549484,85.046715,242.904266,203.800797,86.184662,224.197952,198.659683,84.727402,242.440643,240.286133,88.082321,223.084534,244.193176,86.556755,201.124374,192.204666,83.153275
381,1.905000,199.749451,249.555130,85.051529,242.903931,203.802597,86.188744,224.193100,198.658142,84.737793,242.444366,240.283295,88.078346,222.956223,244.201324,86.489853,201.128174,192.205765,83.152061
382,1.910000,199.743713,249.558655,85.055939,242.902756,203.795135,86.186485,224.211716,198.643906,84.726387,242.444504,240.281418,88.076332,222.985504,244.216843,86.438416,201.131439,192.214661,83.158249
383,1.915000,199.754852,249.554520,85.059044,242.902832,203.801071,86.183960,224.198669,198.652130,84.734032,242.446228,240.279312,88.075630,223.012115,244.224426,86.406326,201.144913,192.201584,83.140427
384,1.920000,199.747864,249.552490,85.052040,242.908142,203.803040,86.185577,224.207504,198.658646,84.727554,242.439163,240.288635,88.085152,223.085022,244.201996,86.540512,201.145050,192.208923,83.144287
385,1.925000,199.747986,249.554092,85.055405,242.896332,203.788864,86.179832,224.202667,198.655502,84.728683,242.440735,240.291061,88.084541,223.068939,244.132645,86.633934,201.152054,192.202362,83.143257
386,1.930000,199.746826,249.552750,85.060394,242.904419,203.797897,86.176300,224.206100,198.648407,84.718796,242.441406,240.290344,88.084457,222.853546,244.215805,86.533356,201.269623,192.200333,83.078552
387,1.935000,199.755005,249.550812,85.050728,242.911026,203.800522,86.187698,224.209366,198.657257,84.723930,242.445541,240.284973,88.082375,222.984238,244.214539,86.441208,201.182190,192.230087,83.112854
388,1.940000,199.756973,249.544708,85.047203,242.905853,203.804153,86.188293,224.200729,198.659821,84.723450,242.445236,240.279190,88.080330,223.460632,244.358093,85.874359,201.143799,192.206024,83.148911
389,1.945000,199.751892,249.559402,85.051178,242.900101,203.801743,86.183586,224.196793,198.659454,84.726852,242.443222,240.282257,88.077301,223.476547,244.476852,85.908730,201.125061,192.206146,83.167427
390,1.950000,199.744888,249.558212,85.055267,242.906815,203.803604,86.186668,224.202164,198.653488,84.728325,242.445969,240.283859,88.075661,223.146622,244.367050,86.070236,201.117065,192.203934,83.164200
391,1.955000,199.747803,249.556946,85.062256,242.898773,203.804993,86.185066,224.191925,198.659531,84.729561,242.444733,240.284286,88.080765,223.085266,244.228058,86.512177,201.113922,192.215591,83.159454
392,1.960000,199.747498,249.549530,85.049973,242.902634,203.801987,86.184662,224.190903,198.663391,84.736374,242.443893,240.280731,88.082291,222.960403,244.093018,86.919075,201.134186,192.213837,83.148796
393,1.965000,199.746841,249.547729,85.058594,242.905792,203.800781,86.187706,224.198166,198.657486,84.725273,242.441330,240.284668,88.083061,222.849960,244.149200,86.803345,201.137650,192.204727,83.146263
394,1.970000,199.739868,249.553146,85.059372,242.899261,203.802475,86.186279,224.197617,198.655991,84.726173,242.444885,240.277145,88.080956,222.939865,244.196854,86.496735,201.253616,192.200638,83.079712
395,1.975000,199.742432,249.553650,85.054070,242.903534,203.808395,86.183777,224.189713,198.655807,84.732986,242.446487,240.279831,88.082016,223.106857,244.237381,86.483459,201.178635,192.223831,83.112137
396,1.980000,199.745377,249.557663,85.049820,242.897720,203.792526,86.178833,224.196838,198.659348,84.722939,242.444504,240.282761,88.082191,223.085068,244.197418,86.545532,201.134033,192.206146,83.143707
397,1.985000,199.746674,249.553528,85.053673,242.897629,203.794495,86.179253,224.201447,198.665466,84.733803,242.445511,240.284485,88.081139,222.971024,244.193939,86.465996,201.123703,192.200378,83.161034
398,1.990000,199.744904,249.555054,85.055679,242.902954,203.803284,86.182549,224.205612,198.659500,84.731552,242.439438,240.288940,88.085228,222.986954,244.224091,86.436058,201.118515,192.195618,83.159225
399,1.995000,199.748779,249.555267,85.053604,242.904358,203.806473,86.189774,224.201416,198.648270,84.734627,242.444458,240.286530,88.084068,223.523346,244.242599,86.147560,201.127258,192.200882,83.156174
400,2.000000,199.770065,249.608215,85.044998,242.901932,203.794540,86.186264,224.201080,198.652374,84.730576,242.441833,240.281967,88.080894,223.134155,244.347870,86.095001,201.136581,192.208755,83.153816
401,2.005000,199.751373,249.570068,85.053612,242.902405,203.802750,86.182114,224.190048,198.663422,84.736343,242.443497,240.285248,88.079147,223.453247,244.390839,85.860413,201.136047,192.214020,83.146942
402,2.010000,199.746399,249.552795,85.051918,242.902145,203.789581,86.180099,224.199173,198.658310,84.728806,242.446686,240.275085,88.074249,223.185150,244.372467,86.043846,201.139160,192.212296,83.141563
403,2.015000,199.763443,249.606308,85.052505,242.914597,203.803925,86.183418,224.207138,198.658127,84.725174,242.445312,240.279099,88.075676,223.050705,244.247299,86.365776,201.138535,192.210464,83.154724
404,2.020000,199.743591,249.564362,85.054871,242.901566,203.804153,86.184471,224.197479,198.660538,84.727463,242.446228,240.279617,88.073746,222.975372,244.145386,86.847824,201.142761,192.200027,83.157516
405,2.025000,199.746338,249.550049,85.059067,242.902222,203.803513,86.188156,224.206635,198.659103,84.729965,242.441757,240.285706,88.077461,222.850128,244.152466,86.804253,201.130737,192.203354,83.160217
406,2.030000,199.752121,249.547638,85.050812,242.907120,203.794769,86.183937,224.208420,198.661789,84.727577,242.439362,240.285736,88.080315,222.969284,244.125427,86.851746,201.130142,192.202347,83.149719
407,2.035000,199.749298,249.552017,85.053093,242.903778,203.799576,86.186676,224.201065,198.659500,84.729088,242.439026,240.285675,88.086174,222.921768,244.181763,86.530457,201.132431,192.198471,83.150627
408,2.040000,199.755554,249.552063,85.047714,242.905670,203.802185,86.190063,224.201370,198.653946,84.725792,242.443970,240.284958,88.083817,223.022186,244.242294,86.382195,201.121643,192.209732,83.153885
409,2.045000,199.746582,249.555283,85.045372,242.895050,203.805328,86.189735,224.200974,198.662598,84.726860,242.440765,240.282806,88.081627,223.050644,244.253281,86.355568,201.129303,192.205582,83.148979
410,2.050000,199.745346,249.554443,85.048256,242.904434,203.800339,86.189384,224.201523,198.659332,84.731377,242.445770,240.282471,88.074295,223.092972,244.223145,86.521553,201.128296,192.198105,83.144058
411,2.055000,199.752213,249.551605,85.049561,242.907532,203.801392,86.186829,224.203629,198.647202,84.723877,242.440552,240.279755,88.074806,222.963654,244.198730,86.477043,201.125946,192.214600,83.151558
412,2.060000,199.746872,249.550247,85.055199,242.901932,203.798965,86.187973,224.190750,198.644867,84.731133,242.440964,240.280762,88.077469,223.063309,244.178131,86.589294,201.131088,192.209839,83.155121
413,2.065000,199.749649,249.549545,85.052155,242.903442,203.805359,86.187180,224.205750,198.652100,84.726799,242.441528,240.282944,88.077805,222.952850,244.201477,86.490921,201.130585,192.200378,83.152000
414,2.070000,199.753143,249.554855,85.051064,242.904282,203.801132,86.187141,224.198608,198.658371,84.733620,242.447632,240.285141,88.078651,222.987030,244.220337,86.426094,201.128067,192.205917,83.160355
415,2.075000,199.749039,249.552078,85.046257,242.901169,203.807251,86.191032,224.193649,198.661270,84.731110,242.444885,240.285614,88.081200,223.013565,244.229202,86.404068,201.135574,192.197220,83.148598
416,2.080000,199.747070,249.556442,85.054810,242.905060,203.803909,86.193619,224.200989,198.653229,84.729698,242.441864,240.282532,88.077789,223.467163,244.352509,85.866310,201.135483,192.200470,83.147530
417,2.085000,199.744659,249.555695,85.057655,242.903946,203.802475,86.189079,224.197586,198.652985,84.729202,242.442734,240.282776,88.080162,223.227844,244.387100,86.003609,201.125275,192.211609,83.160683
418,2.090000,199.748077,249.557190,85.058220,242.900635,203.803879,86.185829,224.205765,198.653549,84.716591,242.441757,240.284164,88.081390,223.128204,244.274063,86.433571,201.130020,192.204132,83.149048
419,2.095000,199.746841,249.558304,85.051231,242.910019,203.807053,86.190102,224.207153,198.656006,84.725533,242.439484,240.289612,88.082047,222.971497,244.121475,86.883331,201.134598,192.208832,83.149025
420,2.100000,199.749664,249.550766,85.041512,242.903534,203.800400,86.182343,224.202530,198.655258,84.728119,242.445419,240.285370,88.077850,222.853668,244.148270,86.795074,201.138626,192.205719,83.145653
421,2.105000,199.748566,249.551804,85.050278,242.903046,203.797440,86.182327,224.202820,198.659988,84.733116,242.442627,240.288010,88.073196,222.966339,244.146973,86.849266,201.140930,192.201889,83.139870
422,2.110000,199.750534,249.547256,85.053352,242.906265,203.795059,86.185242,224.193283,198.655029,84.733177,242.442215,240.283630,88.074043,222.936493,244.180878,86.527611,201.130753,192.207947,83.152184
423,2.115000,199.748672,249.556396,85.047714,242.900101,203.789917,86.182449,224.196503,198.659592,84.735550,242.442001,240.288788,88.078117,223.032120,244.241562,86.384521,201.255478,192.198639,83.089218
424,2.120000,199.749435,249.558334,85.052742,242.903503,203.803970,86.188995,224.208099,198.652435,84.725136,242.439758,240.293411,88.084785,223.049072,244.250519,86.354309,201.189819,192.220734,83.107468
425,2.125000,199.753693,249.546097,85.052277,242.901657,203.807251,86.191902,224.200211,198.666901,84.738525,242.417801,240.343521,88.122528,223.099106,244.224182,86.520630,201.148422,192.200470,83.140541
426,2.130000,199.754395,249.551010,85.048546,242.905655,203.799652,86.188156,224.203674,198.664413,84.731285,242.431992,240.314667,88.109077,222.964584,244.196396,86.475494,201.124207,192.194412,83.158798
427,2.135000,199.752396,249.552689,85.046349,242.903244,203.808167,86.188416,224.187576,198.664352,84.731056,242.444153,240.291214,88.088432,223.071548,244.176437,86.587540,201.124435,192.201080,83.159706
428,2.140000,199.748688,249.556549,85.054253,242.904175,203.804337,86.188873,224.195679,198.657272,84.731766,242.444672,240.280991,88.072624,223.067474,244.124908,86.644356,201.129456,192.208374,83.154861
429,2.145000,199.750763,249.551163,85.046303,242.901581,203.791229,86.179901,224.282471,198.734955,84.891434,242.444214,240.281357,88.071762,222.943161,244.188782,86.504173,201.131729,192.213943,83.148430
430,2.150000,199.740585,249.551346,85.054222,242.901398,203.797409,86.181091,224.257263,198.714615,85.156944,242.445908,240.281647,88.073891,223.072876,244.207840,86.552765,201.134964,192.211792,83.147293
431,2.155000,199.753723,249.549225,85.049110,242.896072,203.795227,86.181938,224.204849,198.604263,85.084625,242.441422,240.287613,88.081360,223.067215,244.162933,86.607773,201.132095,192.211914,83.153397
432,2.160000,199.752136,249.552246,85.049370,242.904053,203.802155,86.188637,224.184052,198.592209,85.016899,242.438293,240.288406,88.083374,223.564255,244.156601,86.205215,201.127197,192.197067,83.150406
433,2.165000,199.747345,249.557129,85.054527,242.904556,203.809799,86.192955,224.212143,198.623550,84.748566,242.441971,240.287720,88.083031,223.126114,244.341797,86.095665,201.247879,192.191940,83.089172
434,2.170000,199.752289,249.553802,85.048256,242.904755,203.804367,86.190460,224.164917,198.685806,84.707237,242.443176,240.289169,88.078560,223.125137,244.290070,86.417374,201.272430,192.211319,83.068520
435,2.175000,199.752121,249.553574,85.050819,242.900055,203.794144,86.183876,224.186874,198.683548,84.723000,242.442566,240.284531,88.083740,223.062881,244.129761,86.638992,201.179443,192.218887,83.115669
436,2.180000,199.752426,249.551147,85.049965,242.902924,203.796921,86.180016,224.195465,198.656128,84.725052,242.441727,240.283463,88.080978,222.865234,244.178604,86.732552,201.255493,192.200928,83.090805
437,2.185000,199.743378,249.554489,85.054443,242.905396,203.792358,86.177689,224.201523,198.641449,84.724442,242.441025,240.279480,88.079628,222.927734,244.189728,86.516380,201.155243,192.222382,83.126205
438,2.190000,199.741898,249.556198,85.057411,242.907379,203.803589,86.184227,224.205292,198.646729,84.722542,242.443115,240.280380,88.078423,223.016220,244.232590,86.400154,201.259125,192.196548,83.089973
439,2.195000,199.744080,249.554962,85.056145,242.901688,203.794189,86.182838,224.201492,198.654755,84.730278,242.322021,240.566177,88.095665,223.033798,244.245819,86.372131,201.166641,192.225906,83.115334
440,2.200000,199.746155,249.548492,85.051659,242.901321,203.800110,86.181213,224.210373,198.652832,84.730186,242.372238,240.404144,88.135841,223.086639,244.219086,86.528366,201.137695,192.212128,83.147919
441,2.205000,199.753799,249.553223,85.048225,242.901688,203.797745,86.183601,224.294601,198.731354,84.886116,242.443848,240.293381,88.102562,222.962097,244.207535,86.477943,201.255325,192.199615,83.091858
442,2.210000,199.748123,249.550613,85.055496,242.903717,203.801743,86.184814,224.194199,198.668808,85.022362,242.454208,240.274307,88.079300,222.989594,244.211594,86.438309,201.173309,192.216721,83.120125
443,2.215000,199.746780,249.549820,85.056526,242.904816,203.802841,86.185776,224.191452,198.613998,85.044968,242.448135,240.280655,88.071007,223.073395,244.201309,86.559982,201.136765,192.195908,83.143639
444,2.220000,199.773651,249.612671,85.050941,242.906113,203.798904,86.188286,224.200226,198.607010,85.035538,242.441818,240.284668,88.076828,223.467133,244.215500,86.063759,201.111816,192.196426,83.159538
445,2.225000,199.752762,249.566681,85.053406,242.907898,203.804031,86.183601,224.200195,198.616699,85.024750,242.443420,240.288589,88.080315,223.447479,244.407028,85.853706,201.120377,192.195862,83.162178
446,2.230000,199.745224,249.549103,85.056740,242.902313,203.798737,86.179726,224.230545,198.621628,84.740181,242.441299,240.289215,88.087280,223.189255,244.389053,86.034500,201.126144,192.198990,83.150429
447,2.235000,199.744476,249.555176,85.053894,242.898575,203.788696,86.177238,224.187973,198.670349,84.707741,242.441559,240.287460,88.086800,223.053818,244.252533,86.357117,201.131042,192.207794,83.146843
448,2.240000,199.750778,249.554962,85.050926,242.903168,203.798752,86.182625,224.188736,198.665710,84.714531,242.318909,240.562332,88.103317,222.938766,244.199463,86.502098,201.134338,192.205566,83.143738
449,2.245000,199.743607,249.558060,85.060188,242.901459,203.791367,86.178978,224.198486,198.656097,84.731628,242.256302,240.617920,88.089417,223.054337,244.129257,86.645287,201.130447,192.211670,83.145020
450,2.250000,199.741074,249.560928,85.059288,242.902222,203.791016,86.183975,224.193817,198.652969,84.736000,242.390228,240.363922,88.099503,222.964355,244.116577,86.883530,201.132004,192.210526,83.152084
451,2.255000,199.744659,249.556503,85.051697,242.901779,203.798233,86.184105,224.206467,198.652023,84.719276,242.461365,240.259460,88.083145,222.961029,244.065308,86.942101,201.252991,192.191528,83.085152
452,2.260000,199.747009,249.553894,85.050896,242.903854,203.806168,86.189369,224.196426,198.663849,84.729271,242.460327,240.259659,88.070854,222.965836,244.067413,86.928795,201.170792,192.224823,83.119026
453,2.265000,199.775833,249.603973,85.048882,242.909409,203.808731,86.190002,224.290314,198.731506,84.888863,242.445892,240.275650,88.073746,222.865540,244.179657,86.730499,201.130661,192.200745,83.144516
454,2.270000,199.755035,249.563019,85.047409,242.901230,203.791702,86.183884,224.197540,198.671066,85.030380,242.440857,240.287216,88.079155,222.976303,244.209030,86.453598,201.118301,192.189392,83.157280
455,2.275000,199.756012,249.547623,85.048820,242.901031,203.799255,86.183090,224.199768,198.608307,85.040573,242.443695,240.293808,88.085670,223.045410,244.248383,86.354889,201.110870,192.198761,83.166496
456,2.280000,199.754639,249.547714,85.045792,242.903732,203.808548,86.185928,224.194733,198.602509,85.024979,242.442352,240.288513,88.089218,223.514816,244.385696,85.962959,201.124313,192.198975,83.153183
457,2.285000,199.744064,249.550858,85.048355,242.899551,203.794678,86.177559,224.187408,198.622696,85.021072,242.438766,240.290771,88.085640,223.227264,244.431000,86.120644,201.120468,192.216507,83.159721
458,2.290000,199.748520,249.554703,85.046806,242.904343,203.800964,86.184341,224.221085,198.622620,84.746773,242.317734,240.571182,88.100845,223.117447,244.255341,86.468361,201.134995,192.211105,83.155144
459,2.295000,199.753052,249.556305,85.049355,242.910980,203.809067,86.189514,224.196320,198.666183,84.698738,242.370117,240.404465,88.132561,222.967773,244.107971,86.879890,201.126526,192.207886,83.141846
460,2.300000,199.745056,249.559006,85.054756,242.905838,203.810547,86.190109,224.186508,198.674911,84.721207,242.447250,240.293106,88.098106,222.968124,244.024796,86.972252,201.137039,192.199173,83.143074
461,2.305000,199.745361,249.556076,85.052856,242.900223,203.804535,86.184166,224.193451,198.664734,84.728256,242.451630,240.266983,88.074417,222.854965,244.161591,86.767700,201.132507,192.205719,83.149849
462,2.310000,199.738785,249.558502,85.060364,242.901108,203.805054,86.185982,224.196808,198.654037,84.730125,242.324097,240.557465,88.084961,222.968964,244.212097,86.457863,201.259491,192.202103,83.088615
463,2.315000,199.754959,249.548386,85.053062,242.899734,203.796143,86.183311,224.191757,198.649002,84.724823,242.371536,240.407120,88.122055,223.061630,244.255020,86.347160,201.183212,192.225449,83.104523
464,2.320000,199.749405,249.554092,85.052391,242.901123,203.790710,86.180153,224.193283,198.649933,84.725639,242.444382,240.290482,88.096992,223.110901,244.247025,86.479012,201.141769,192.209976,83.140572
465,2.325000,199.744232,249.555435,85.055794,242.899445,203.804764,86.183571,224.204407,198.660858,84.733353,242.454895,240.264648,88.075699,223.458984,244.237045,86.060905,201.254456,192.193680,83.091370
466,2.330000,199.747223,249.549179,85.050743,242.899780,203.796188,86.184158,224.199753,198.657806,84.729416,242.450150,240.268539,88.066795,223.181076,244.409470,86.174171,201.170547,192.223892,83.126778
467,2.335000,199.753220,249.549744,85.045105,242.903442,203.797897,86.185692,224.202652,198.657150,84.727524,242.441177,240.286148,88.074104,223.063324,244.262222,86.331421,201.125427,192.212372,83.145409
468,2.340000,199.756180,249.555222,85.046593,242.901031,203.808182,86.187988,224.203384,198.654617,84.726593,242.439041,240.291275,88.080864,222.976074,244.210907,86.457664,201.116867,192.198593,83.156830
469,2.345000,199.744446,249.559372,85.052834,242.902328,203.794281,86.184021,224.192001,198.660599,84.728722,242.446655,240.286606,88.078629,222.959717,244.204193,86.474052,201.123306,192.201904,83.159653
470,2.350000,199.747772,249.552521,85.048637,242.908600,203.799149,86.190872,224.193741,198.656036,84.726051,242.445190,240.283981,88.080246,222.978210,244.214706,86.446594,201.130402,192.204697,83.157486
471,2.355000,199.742676,249.554840,85.056435,242.904480,203.791290,86.186241,224.192886,198.658722,84.732872,242.444031,240.284500,88.078598,222.996689,244.223038,86.420616,201.133453,192.202576,83.147072
472,2.360000,199.745728,249.553696,85.048126,242.904633,203.796677,86.183792,224.230316,198.681992,84.769028,242.444885,240.282776,88.075684,223.005585,244.228989,86.410576,201.134079,192.207825,83.151505
473,2.365000,199.747055,249.553818,85.048714,242.899567,203.801712,86.186478,224.230804,198.687668,84.780106,242.443649,240.280838,88.074219,223.080002,244.202148,86.549049,201.127350,192.210297,83.152512
474,2.370000,199.746765,249.553207,85.049789,242.897980,203.795578,86.183212,224.199661,198.660492,84.735199,242.444260,240.287781,88.074501,222.901779,244.177963,86.847145,201.125961,192.203140,83.142052
475,2.375000,199.745590,249.557968,85.052452,242.904327,203.804077,86.186859,224.198349,198.654907,84.721840,242.443207,240.286255,88.076706,223.346573,244.193802,86.179878,201.120026,192.206879,83.161484
476,2.380000,199.748734,249.551636,85.052650,242.897964,203.801620,86.187737,224.202789,198.655212,84.723534,242.440720,240.285339,88.077423,223.175858,244.369186,86.049042,201.135330,192.204468,83.154663
477,2.385000,199.752319,249.548569,85.048019,242.901001,203.790344,86.181770,224.202637,198.657272,84.717873,242.439987,240.288742,88.076935,223.162781,244.395721,86.202507,201.134415,192.206482,83.153069
478,2.390000,199.781830,249.607773,85.051506,242.905991,203.791870,86.186943,224.206467,198.653137,84.721512,242.441986,240.288177,88.080437,222.969833,244.275162,86.534592,201.127411,192.209320,83.158821
479,2.395000,199.776001,249.627777,85.052628,242.903641,203.798096,86.187447,224.202057,198.654037,84.727844,242.444321,240.291595,88.079674,222.928116,244.172119,86.526390,201.129883,192.204422,83.165070
480,2.400000,199.753784,249.562012,85.050095,242.899338,203.805862,86.189110,224.204056,198.652283,84.724625,242.443802,240.289368,88.078423,222.964050,244.197968,86.474281,201.129044,192.200928,83.152489
481,2.405000,199.748352,249.547836,85.047592,242.901169,203.807510,86.190788,224.203568,198.658920,84.727356,242.445099,240.283981,88.077911,222.994247,244.229614,86.425583,201.130081,192.199371,83.152588
482,2.410000,199.744904,249.552567,85.051239,242.904938,203.804916,86.187874,224.213287,198.658127,84.722176,242.447342,240.279007,88.076157,223.090179,244.202072,86.528656,201.131500,192.198883,83.159630
483,2.415000,199.745331,249.554733,85.052246,242.904404,203.803238,86.188484,224.195007,198.654144,84.723976,242.444550,240.284409,88.075249,222.972412,244.207016,86.464294,201.127045,192.207016,83.155708
484,2.420000,199.748856,249.553024,85.054893,242.903534,203.800949,86.186089,224.200653,198.654846,84.724838,242.444656,240.283005,88.077095,222.985916,244.222610,86.429237,201.253510,192.199860,83.093170
485,2.425000,199.747314,249.557144,85.052437,242.903732,203.806152,86.184204,224.201752,198.659882,84.725746,242.442184,240.284714,88.082024,223.003281,244.230957,86.415504,201.168045,192.231995,83.113892
486,2.430000,199.750793,249.554108,85.049217,242.903656,203.804077,86.185730,224.203033,198.660812,84.728081,242.442749,240.286118,88.081635,223.079239,244.202438,86.552078,201.135345,192.217682,83.146721
487,2.435000,199.741684,249.556335,85.051979,242.828018,203.736786,86.006546,224.209778,198.652771,84.718170,242.446014,240.285263,88.080742,222.958893,244.202377,86.479233,201.126755,192.201385,83.156937
488,2.440000,199.748337,249.554321,85.045425,242.899200,203.772385,86.120880,224.201477,198.653992,84.720184,242.442307,240.285583,88.081490,222.986618,244.217377,86.437164,201.110168,192.200409,83.166710
489,2.445000,199.745621,249.548660,85.054771,242.908478,203.802139,86.189568,224.198212,198.657425,84.730537,242.442337,240.284973,88.075981,223.004623,244.227188,86.411919,201.124237,192.195694,83.157303
490,2.450000,199.749466,249.551987,85.053032,242.903397,203.795593,86.195160,224.206329,198.655991,84.727051,242.443130,240.277161,88.075798,223.012604,244.223175,86.411125,201.128906,192.202530,83.151031
491,2.455000,199.755432,249.548126,85.049721,242.913864,203.802963,86.194855,224.196976,198.658615,84.730042,242.441803,240.286835,88.080589,223.076981,244.196274,86.561188,201.131653,192.198532,83.147575
492,2.460000,199.749146,249.554047,85.051460,242.906937,203.805222,86.189117,224.202820,198.659790,84.733940,242.442398,240.290527,88.080284,222.954147,244.198746,86.486900,201.133331,192.199829,83.148483
493,2.465000,199.752731,249.556152,85.053978,242.905029,203.799271,86.181038,224.199707,198.651398,84.726608,242.442062,240.290039,88.086159,222.986603,244.214264,86.438019,201.135193,192.205139,83.142212
494,2.470000,199.749481,249.551819,85.052887,242.898560,203.794266,86.180008,224.208115,198.648788,84.721169,242.446487,240.286255,88.081665,223.013016,244.227188,86.414185,201.125259,192.202896,83.151405
495,2.475000,199.751358,249.551880,85.050919,242.896622,203.790176,86.179543,224.203491,198.654785,84.727211,242.441483,240.289139,88.083405,223.016434,244.226425,86.405579,201.140335,192.201538,83.152374
496,2.480000,199.749878,249.550949,85.048935,242.899033,203.795837,86.184357,224.193909,198.654419,84.734131,242.440079,240.288910,88.078560,223.092926,244.191772,86.549805,201.138062,192.200699,83.149689
497,2.485000,199.743408,249.553116,85.054993,242.902969,203.791382,86.178909,224.194595,198.661011,84.732216,242.443283,240.281326,88.077011,222.963135,244.200867,86.483284,201.135559,192.206238,83.148354
498,2.490000,199.741898,249.555389,85.056572,242.908310,203.805649,86.183441,224.198883,198.659561,84.730186,242.423508,240.338120,88.115974,222.986832,244.219833,86.438004,201.135468,192.202835,83.148155
499,2.495000,199.746063,249.556351,85.053963,242.907898,203.804047,86.188835,224.197617,198.653397,84.732559,242.433624,240.311630,88.110077,223.083481,244.202545,86.551544,201.134109,192.203690,83.149391
500,2.500000,199.752258,249.551651,85.053665,242.907303,203.802475,86.187927,224.207169,198.661728,84.730583,242.442505,240.285263,88.087975,222.965256,244.200943,86.473732,201.130768,192.205276,83.146454
501,2.505000,199.746109,249.552414,85.049019,242.898956,203.790512,86.181465,224.203873,198.664444,84.726730,242.444611,240.283249,88.077446,222.988724,244.220062,86.432945,201.139389,192.201202,83.148064
502,2.510000,199.749069,249.559479,85.051056,242.901047,203.794678,86.181122,224.207367,198.657394,84.722595,242.441910,240.285187,88.080116,223.009293,244.227463,86.410049,201.130219,192.209503,83.148529
503,2.515000,199.747162,249.556091,85.055672,242.825455,203.735519,85.997810,224.199982,198.655579,84.725922,242.445007,240.283218,88.084717,223.005997,244.227325,86.406670,201.126495,192.204544,83.148766
504,2.520000,199.747482,249.550369,85.051971,242.894196,203.771713,86.119156,224.206512,198.661301,84.726357,242.443573,240.283478,88.081024,223.003769,244.225311,86.418770,201.115265,192.204819,83.161240
505,2.525000,199.753479,249.551163,85.052795,242.907730,203.807892,86.195786,224.199844,198.659470,84.734428,242.439804,240.282883,88.081825,222.996613,244.222778,86.427521,201.124222,192.204025,83.157417
506,2.530000,199.749725,249.553711,85.050713,242.903000,203.804962,86.192261,224.199860,198.657227,84.731674,242.442017,240.277954,88.080765,222.990555,244.222900,86.423012,201.247299,192.203110,83.087395
507,2.535000,199.747040,249.553558,85.048546,242.900208,203.800735,86.184029,224.197769,198.656906,84.727242,242.446381,240.278732,88.077148,222.986404,244.230072,86.430542,201.174896,192.231140,83.111153
508,2.540000,199.769760,249.615845,85.051987,242.901733,203.792053,86.180519,224.209976,198.652054,84.722801,242.442337,240.281525,88.079620,223.078110,244.190781,86.565689,201.136765,192.213959,83.152130
509,2.545000,199.782852,249.628021,85.044586,242.904602,203.803345,86.181770,224.210144,198.655685,84.722855,242.445374,240.285431,88.080185,222.953415,244.198395,86.486656,201.114059,192.199417,83.161057
510,2.550000,199.753311,249.563278,85.047409,242.902145,203.794174,86.180840,224.204361,198.655899,84.724144,242.441483,240.285889,88.087097,222.987106,244.217300,86.433594,201.112549,192.194504,83.161827
511,2.555000,199.748932,249.549500,85.055962,242.905548,203.804077,86.186890,224.205338,198.660370,84.724670,242.441803,240.287003,88.085991,223.015671,244.223907,86.407745,201.251633,192.199265,83.093521
512,2.560000,199.742188,249.554092,85.057800,242.907654,203.809158,86.190536,224.204346,198.657394,84.728058,242.444702,240.286179,88.083778,223.533966,244.238342,86.136429,201.181641,192.224930,83.105423
513,2.565000,199.750259,249.544174,85.051254,242.899445,203.801788,86.182312,224.214966,198.654205,84.717102,242.442917,240.284378,88.080650,223.131104,244.344299,86.095085,201.153259,192.207367,83.139145
514,2.570000,199.745239,249.552582,85.053444,242.897003,203.791992,86.177986,224.203598,198.655029,84.719734,242.441376,240.284164,88.077667,222.968643,244.313080,86.493744,201.125015,192.206696,83.162170
515,2.575000,199.749237,249.550522,85.049324,242.900742,203.787582,86.174805,224.205276,198.655045,84.719727,242.444809,240.283463,88.074997,222.963181,244.131500,86.871002,201.118225,192.211517,83.170921
516,2.580000,199.749100,249.557724,85.051620,242.902863,203.800095,86.182426,224.196014,198.658936,84.725945,242.440964,240.285278,88.081665,222.960846,244.029968,86.970688,201.128967,192.205383,83.153313
517,2.585000,199.752670,249.555038,85.046349,242.903717,203.800644,86.187180,224.204193,198.656052,84.731247,242.440826,240.284729,88.085411,222.860275,244.163010,86.768906,201.260437,192.198166,83.083633
518,2.590000,199.751266,249.553696,85.049866,242.902267,203.797150,86.185089,224.209641,198.655365,84.723633,242.441223,240.291183,88.088387,222.981018,244.202698,86.454689,201.184128,192.221985,83.099205
519,2.595000,199.742203,249.553955,85.054596,242.906082,203.792618,86.180557,224.201462,198.654175,84.715240,242.442795,240.290009,88.084061,223.063828,244.256104,86.344559,201.262253,192.195496,83.085754
520,2.600000,199.747253,249.549744,85.054054,242.902527,203.801895,86.186272,224.200867,198.656647,84.735809,242.442917,240.285416,88.079819,223.110733,244.250931,86.467377,201.164261,192.216064,83.115372
521,2.605000,199.748032,249.554474,85.053009,242.899078,203.799530,86.183693,224.206131,198.661423,84.734924,242.441406,240.285583,88.076408,223.070435,244.159668,86.594658,201.135834,192.193604,83.145805
522,2.610000,199.747375,249.556717,85.053925,242.902878,203.804718,86.190674,224.206558,198.661636,84.723083,242.441376,240.280655,88.078476,222.944397,244.183228,86.504707,201.125549,192.194031,83.156998
523,2.615000,199.746414,249.550690,85.045097,242.907028,203.804535,86.187897,224.190414,198.658737,84.727013,242.440613,240.287552,88.080627,222.984253,244.217239,86.445473,201.112488,192.211426,83.163818
524,2.620000,199.751221,249.553955,85.049873,242.901535,203.800522,86.184959,224.192551,198.656601,84.727448,242.441910,240.285950,88.085358,223.012054,244.227814,86.402443,201.127258,192.206299,83.161476
525,2.625000,199.744949,249.553879,85.054115,242.899475,203.803818,86.183357,224.206192,198.659409,84.724655,242.438309,240.287018,88.082230,223.082550,244.211655,86.535408,201.120804,192.201660,83.154480
526,2.630000,199.745529,249.552231,85.051781,242.907211,203.809433,86.188255,224.205795,198.653671,84.720345,242.438858,240.283600,88.080673,222.956299,244.213440,86.477959,201.131775,192.208847,83.150276
527,2.635000,199.747223,249.553787,85.049797,242.900635,203.795044,86.186577,224.200867,198.663757,84.731583,242.444199,240.279938,88.076942,223.065399,244.192581,86.580994,201.136795,192.206406,83.144310
528,2.640000,199.744202,249.553528,85.051407,242.901321,203.794922,86.183212,224.203720,198.663879,84.726845,242.446106,240.281525,88.073235,222.955627,244.205444,86.483711,201.141754,192.202255,83.147194
529,2.645000,199.742493,249.555847,85.057594,242.901627,203.789703,86.183395,224.191620,198.663513,84.731895,242.445068,240.285324,88.073997,222.989243,244.223801,86.431458,201.135849,192.197235,83.147316
530,2.650000,199.753281,249.554977,85.049385,242.905029,203.797699,86.188942,224.198593,198.656723,84.730255,242.440109,240.289932,88.078606,223.009171,244.226868,86.406738,201.123398,192.203400,83.146751
531,2.655000,199.743347,249.558472,85.058235,242.901306,203.803329,86.188126,224.197235,198.659042,84.727295,242.441254,240.288162,88.079994,223.471741,244.351593,85.871284,201.135818,192.196869,83.148842
532,2.660000,199.753983,249.552628,85.052017,242.904999,203.800201,86.185303,224.214890,198.662384,84.725967,242.440826,240.283386,88.079216,223.227844,244.384613,86.007912,201.132004,192.205093,83.149590
533,2.665000,199.781708,249.608353,85.036713,242.904007,203.805679,86.185104,224.191986,198.664047,84.731476,242.420593,240.335739,88.115852,223.038544,244.329010,86.168198,201.131119,192.203827,83.154106
534,2.670000,199.756485,249.563812,85.044632,242.910355,203.803421,86.187965,224.203308,198.654922,84.726654,242.431992,240.314880,88.107285,223.010223,244.230606,86.405945,201.130112,192.205338,83.145477
535,2.675000,199.772598,249.607635,85.049782,242.909119,203.806595,86.187912,224.199585,198.654327,84.724571,242.441925,240.289795,88.081650,222.959183,244.195114,86.483063,201.134872,192.202118,83.149536
536,2.680000,199.753342,249.564743,85.050888,242.906906,203.808197,86.192101,224.212555,198.657776,84.720581,242.446411,240.278778,88.070419,222.958969,244.212250,86.467941,201.126221,192.200485,83.154846
537,2.685000,199.747681,249.558090,85.053558,242.903580,203.805222,86.190331,224.203491,198.655334,84.724892,242.443283,240.283707,88.075798,223.468094,244.247406,86.037857,201.127335,192.196213,83.155090
538,2.690000,199.752991,249.551910,85.048401,242.900238,203.797775,86.187256,224.210266,198.655258,84.722115,242.321548,240.564850,88.098648,223.189407,244.417908,86.157341,201.132553,192.198547,83.149879
539,2.695000,199.751221,249.555649,85.049858,242.905502,203.800522,86.181091,224.205627,198.653320,84.727341,242.374542,240.405243,88.129311,223.123169,244.273560,86.446182,201.130783,192.205704,83.149445
540,2.700000,199.744354,249.557816,85.054848,242.903717,203.795181,86.179985,224.196243,198.656998,84.727501,242.440353,240.293381,88.098053,222.936035,244.200989,86.502556,201.132431,192.205917,83.149406
541,2.705000,199.748016,249.553787,85.048668,242.899017,203.809830,86.185997,224.194489,198.655029,84.726715,242.456253,240.267731,88.067963,223.056213,244.143082,86.631744,201.129227,192.202255,83.146019
542,2.710000,199.745697,249.554779,85.050056,242.902084,203.806274,86.190056,224.292084,198.732162,84.887344,242.448761,240.274185,88.064362,222.942886,244.190033,86.510025,201.252747,192.197998,83.093216
543,2.715000,199.742111,249.557877,85.051781,242.900925,203.802078,86.187447,224.196396,198.669098,85.026100,242.445786,240.281342,88.070068,222.985229,244.227539,86.422844,201.275909,192.209915,83.066414
544,2.720000,199.752075,249.557510,85.049889,242.905518,203.804504,86.184868,224.197617,198.606903,85.047966,242.442062,240.289398,88.078583,223.092621,244.219574,86.526337,201.162476,192.226425,83.126625
545,2.725000,199.739136,249.556702,85.055473,242.899979,203.802856,86.187057,224.194901,198.608963,85.033554,242.441055,240.294754,88.084435,222.971680,244.213135,86.468773,201.127197,192.192444,83.159813
546,2.730000,199.740082,249.567261,85.064590,242.899033,203.803955,86.186493,224.199158,198.623764,85.025887,242.441589,240.293045,88.088654,222.987045,244.219788,86.440239,201.111511,192.194122,83.173851
547,2.735000,199.735626,249.561142,85.063080,242.829880,203.741089,86.000420,224.226913,198.627838,84.745300,242.444458,240.290894,88.087929,222.996674,244.224609,86.416328,201.127563,192.191223,83.158913
548,2.740000,199.741455,249.554504,85.059822,242.897049,203.761215,86.112106,224.180862,198.678452,84.706268,242.442261,240.295029,88.086517,223.005295,244.228546,86.420959,201.135788,192.198807,83.143829
549,2.745000,199.748886,249.552597,85.053078,242.905014,203.795593,86.186447,224.191055,198.679230,84.718956,242.445099,240.294388,88.078224,223.082153,244.195557,86.561996,201.130554,192.210007,83.151947
550,2.750000,199.746826,249.553757,85.055458,242.899246,203.809128,86.195580,224.206360,198.663849,84.721283,242.441086,240.285049,88.076523,222.959579,244.197205,86.484154,201.136993,192.205429,83.151703
551,2.755000,199.750320,249.554596,85.058937,242.907928,203.809784,86.187691,224.200958,198.652832,84.730034,242.448395,240.281921,88.077187,222.984619,244.221451,86.437302,201.134155,192.206451,83.146416
552,2.760000,199.748871,249.552475,85.051331,242.908234,203.803223,86.185715,224.209595,198.652908,84.725945,242.443558,240.283386,88.083672,223.011292,244.227798,86.413200,201.136414,192.206299,83.145683
553,2.765000,199.745209,249.556244,85.055511,242.899017,203.795822,86.180504,224.197403,198.659302,84.728683,242.443588,240.282639,88.084747,223.006882,244.230301,86.405624,201.136902,192.201920,83.146896
554,2.770000,199.742310,249.556915,85.060875,242.902847,203.793121,86.181381,224.199020,198.651337,84.726387,242.444565,240.283234,88.084312,223.079391,244.199203,86.550697,201.127762,192.197937,83.145935
555,2.775000,199.743835,249.558929,85.060966,242.825439,203.731705,85.998573,224.205383,198.658325,84.723534,242.445114,240.284561,88.080460,223.060730,244.130539,86.650032,201.133881,192.195999,83.148125
556,2.780000,199.747833,249.557388,85.057739,242.896851,203.757263,86.111664,224.201233,198.666153,84.730476,242.446442,240.288101,88.078369,222.934570,244.186462,86.511345,201.137634,192.192398,83.154495
557,2.785000,199.749084,249.549835,85.048019,242.898102,203.791824,86.185387,224.283371,198.735092,84.890388,242.444244,240.287750,88.080643,223.072144,244.200470,86.557503,201.252319,192.193436,83.080864
558,2.790000,199.747650,249.554352,85.048126,242.902664,203.807541,86.194054,224.194748,198.671417,85.027206,242.441269,240.284302,88.079254,223.073639,244.155869,86.607780,201.181870,192.212479,83.104164
559,2.795000,199.746109,249.548477,85.049896,242.902206,203.804138,86.184738,224.203125,198.608337,85.039459,242.441833,240.279984,88.082764,222.976669,244.148178,86.841209,201.133377,192.209229,83.151611
560,2.800000,199.742569,249.551422,85.051331,242.896362,203.791962,86.179222,224.189148,198.611526,85.036049,242.441818,240.285614,88.082420,222.864197,244.170990,86.753815,201.125641,192.197372,83.158859
561,2.805000,199.748306,249.555283,85.054314,242.904572,203.800003,86.183578,224.193466,198.618912,85.025932,242.439117,240.283142,88.083420,223.058853,244.128159,86.642868,201.128128,192.201401,83.153854
562,2.810000,199.752289,249.557358,85.052910,242.902725,203.806686,86.191032,224.219162,198.626770,84.744171,242.442184,240.287125,88.080872,223.069870,244.144150,86.613152,201.140945,192.199295,83.136978
563,2.815000,199.749893,249.553696,85.051399,242.899719,203.797546,86.180511,224.186783,198.676178,84.704735,242.441971,240.288132,88.084953,223.064896,244.149429,86.620491,201.143250,192.201935,83.151085
564,2.820000,199.749237,249.551361,85.053146,242.900375,203.803696,86.187660,224.193924,198.681290,84.724457,242.441513,240.284821,88.089546,222.966873,244.199997,86.475197,201.136063,192.196442,83.152313
565,2.825000,199.744949,249.553772,85.055588,242.908401,203.804169,86.188927,224.203094,198.661438,84.724007,242.443939,240.284882,88.088356,223.004822,244.231964,86.402046,201.128021,192.201752,83.151314
566,2.830000,199.749130,249.552551,85.048492,242.899567,203.794189,86.181137,224.201813,198.648376,84.722084,242.444809,240.285355,88.080811,223.019623,244.235001,86.393303,201.130936,192.198349,83.148849
567,2.835000,199.745590,249.547470,85.049995,242.901077,203.802139,86.182045,224.202072,198.649139,84.733673,242.444336,240.282837,88.075699,223.003372,244.232193,86.410263,201.257660,192.188889,83.087563
568,2.840000,199.747925,249.555695,85.050392,242.905289,203.801834,86.184120,224.203354,198.646194,84.727760,242.443085,240.276306,88.076973,223.074875,244.195358,86.567123,201.181259,192.220337,83.107407
569,2.845000,199.757111,249.554001,85.045547,242.902863,203.804092,86.183502,224.198517,198.660202,84.737366,242.445602,240.284531,88.079369,222.953995,244.196411,86.494804,201.147766,192.208130,83.134949
570,2.850000,199.756592,249.553711,85.043129,242.903748,203.795303,86.180588,224.200043,198.660843,84.732437,242.444321,240.286469,88.079002,223.069794,244.185852,86.586548,201.119858,192.198502,83.150978
571,2.855000,199.747772,249.555161,85.054939,242.904861,203.794144,86.182274,224.201248,198.662628,84.720917,242.420868,240.342102,88.116318,222.957504,244.204712,86.478363,201.118774,192.203644,83.166794
572,2.860000,199.741760,249.556503,85.055061,242.907059,203.798981,86.183800,224.200012,198.662857,84.724419,242.433456,240.314026,88.106453,222.992523,244.227325,86.423630,201.124100,192.201004,83.155777
573,2.865000,199.744659,249.560837,85.056267,242.903976,203.803467,86.181587,224.203445,198.654144,84.728935,242.442688,240.290466,88.086647,222.886368,244.257370,86.450615,201.123917,192.202042,83.156540
574,2.870000,199.773224,249.612122,85.049118,242.907120,203.807739,86.188606,224.201630,198.655273,84.730797,242.447144,240.278229,88.076035,222.979828,244.220947,86.443123,201.122162,192.199326,83.163231
575,2.875000,199.753677,249.560852,85.048515,242.908798,203.809738,86.190880,224.194397,198.661926,84.728737,242.444519,240.286194,88.080849,222.996933,244.219330,86.427170,201.122864,192.189972,83.147995
576,2.880000,199.744110,249.547256,85.052406,242.903854,203.806580,86.191887,224.194580,198.660400,84.731667,242.443436,240.286179,88.083168,223.002899,244.218750,86.411079,201.118317,192.202255,83.155067
577,2.885000,199.748871,249.556488,85.050179,242.902481,203.800461,86.189156,224.202148,198.648438,84.725624,242.442307,240.284012,88.080170,223.075882,244.199371,86.554581,201.128082,192.196213,83.153229
578,2.890000,199.747559,249.552292,85.048729,242.901031,203.790634,86.186951,224.204224,198.653976,84.723221,242.444931,240.282333,88.076981,222.958008,244.200256,86.482048,201.242905,192.200729,83.088043
579,2.895000,199.747147,249.557083,85.055038,242.899048,203.805420,86.187035,224.206741,198.651367,84.723907,242.443909,240.289398,88.077988,223.467621,244.346420,85.865623,201.165497,192.232239,83.120201
580,2.900000,199.745605,249.559830,85.050873,242.904175,203.806442,86.183922,224.186447,198.667511,84.735954,242.439438,240.287323,88.083580,223.227036,244.397034,86.000999,201.136734,192.205170,83.142517
581,2.905000,199.748856,249.551575,85.045990,242.900467,203.803329,86.190765,224.198715,198.667801,84.726425,242.438568,240.287628,88.081406,223.044403,244.335953,86.166191,201.115067,192.201630,83.155296
582,2.910000,199.753174,249.555481,85.048691,242.901016,203.804382,86.188873,224.196472,198.660660,84.731628,242.443283,240.285797,88.081726,223.004745,244.239090,86.409935,201.123032,192.201492,83.160141
583,2.915000,199.744904,249.555756,85.051743,242.895157,203.799088,86.177589,224.192810,198.656097,84.723152,242.440948,240.289429,88.079788,223.473099,244.215683,86.067291,201.129929,192.198669,83.154602
584,2.920000,199.743881,249.553406,85.047905,242.897369,203.793350,86.181320,224.202850,198.656616,84.719452,242.442734,240.292221,88.079613,222.984512,244.396698,86.288834,201.128128,192.209427,83.154396
585,2.925000,199.745178,249.554962,85.046013,242.893417,203.798065,86.180939,224.201065,198.655869,84.726784,242.443695,240.283432,88.080017,223.004669,244.222855,86.415962,201.254730,192.203262,83.085670
586,2.930000,199.754547,249.544968,85.045006,242.898087,203.800827,86.183014,224.201218,198.657166,84.730888,242.441315,240.285919,88.082878,223.064682,244.135574,86.631889,201.178284,192.224701,83.105919
587,2.935000,199.751221,249.551971,85.047325,242.901688,203.804764,86.183029,224.197601,198.659500,84.728989,242.439804,240.285553,88.079720,222.938843,244.173264,86.526405,201.143616,192.201492,83.134842
588,2.940000,199.756256,249.548492,85.045418,242.895950,203.804642,86.186058,224.202408,198.660736,84.727997,242.443161,240.284409,88.078133,222.987167,244.215012,86.439262,201.121170,192.194946,83.157005
589,2.945000,199.751465,249.550583,85.044601,242.906418,203.804962,86.190567,224.191284,198.661850,84.728004,242.443405,240.285553,88.078239,223.019165,244.236694,86.398666,201.121841,192.197556,83.166718
590,2.950000,199.750000,249.558273,85.054497,242.901230,203.805481,86.191162,224.204483,198.653000,84.722992,242.441498,240.289185,88.083221,223.023407,244.233200,86.396065,201.139496,192.198441,83.150208
591,2.955000,199.749908,249.558426,85.056747,242.907913,203.809296,86.190536,224.202377,198.653183,84.736389,242.441406,240.293381,88.085312,223.012314,244.222992,86.413246,201.135239,192.207397,83.147675
592,2.960000,199.751816,249.557816,85.052689,242.901291,203.805176,86.192375,224.194809,198.656311,84.733757,242.440308,240.288391,88.083023,223.079056,244.190384,86.564629,201.133820,192.203293,83.148788
593,2.965000,199.741455,249.556564,85.055138,242.902603,203.805847,86.185677,224.195602,198.655731,84.727608,242.442902,240.283722,88.081001,222.976700,244.141907,86.835068,201.135651,192.194809,83.144447
594,2.970000,199.754501,249.553238,85.046829,242.901596,203.801559,86.188156,224.201767,198.651505,84.728806,242.444031,240.284317,88.080315,222.864777,244.166763,86.756424,201.248627,192.200775,83.084244
595,2.975000,199.748199,249.552612,85.049194,242.903214,203.804291,86.183525,224.191330,198.655914,84.731628,242.442520,240.288361,88.079079,223.047653,244.135681,86.644707,201.168915,192.223938,83.108047
596,2.980000,199.742523,249.552811,85.057945,242.901520,203.798080,86.184174,224.195953,198.653564,84.728073,242.444305,240.284317,88.078163,223.070023,244.151321,86.611771,201.134903,192.212021,83.147163
597,2.985000,199.745789,249.559723,85.055214,242.900528,203.801086,86.185631,224.198898,198.658386,84.728096,242.445206,240.292282,88.077728,223.067871,244.156647,86.620224,201.116943,192.197754,83.161514
598,2.990000,199.746796,249.561096,85.054626,242.907074,203.807220,86.188210,224.194885,198.662125,84.730095,242.443695,240.290222,88.080734,223.562714,244.172379,86.193748,201.108536,192.200211,83.167244
599,2.995000,199.747513,249.555893,85.055283,242.908188,203.810715,86.190559,224.199722,198.656601,84.723793,242.445236,240.286591,88.078690,223.138840,244.345871,86.089554,201.129181,192.196838,83.145645
600,3.000000,199.748550,249.549820,85.051315,242.895111,203.792114,86.180252,224.204193,198.657883,84.717972,242.442459,240.287735,88.082573,223.124207,244.291931,86.417839,201.131210,192.206223,83.153343
601,3.005000,199.749756,249.553360,85.054443,242.904739,203.799637,86.180344,224.201813,198.660507,84.723442,242.440445,240.284119,88.079475,222.961899,244.200409,86.483627,201.124313,192.207489,83.148651
602,3.010000,199.747833,249.554565,85.047806,242.908813,203.804871,86.189934,224.208511,198.657700,84.724609,242.444946,240.287979,88.083199,222.953979,244.197815,86.485847,201.134262,192.201340,83.141861
603,3.015000,199.777832,249.606949,85.050232,242.906021,203.805328,86.188843,224.196701,198.660385,84.730125,242.444397,240.284348,88.082390,222.982727,244.216980,86.446701,201.135239,192.199783,83.145821
604,3.020000,199.759644,249.564270,85.045654,242.831284,203.737579,86.004417,224.197083,198.665695,84.725876,242.442062,240.285721,88.082428,223.080307,244.192932,86.552979,201.259216,192.188889,83.081535
605,3.025000,199.749939,249.554169,85.054596,242.898666,203.769455,86.119293,224.204971,198.659439,84.718422,242.443481,240.284348,88.080185,223.071030,244.134109,86.630402,201.187210,192.219391,83.103645
606,3.030000,199.746689,249.554459,85.057281,242.911438,203.807114,86.194656,224.206955,198.657043,84.724136,242.443939,240.285446,88.081375,222.945190,244.191010,86.500381,201.266479,192.203140,83.078041
607,3.035000,199.751709,249.555222,85.057381,242.907852,203.815994,86.196899,224.195618,198.660721,84.730309,242.444000,240.288696,88.081451,222.993225,244.225723,86.421494,201.169693,192.212646,83.113815
608,3.040000,199.745026,249.554001,85.059418,242.908829,203.809509,86.191483,224.205292,198.660675,84.724922,242.440887,240.282867,88.078979,223.026550,244.228638,86.390640,201.128677,192.202255,83.152702
609,3.045000,199.751816,249.552765,85.050529,242.900497,203.797409,86.177620,224.207031,198.658340,84.729355,242.442581,240.281296,88.075600,223.022995,244.226913,86.395599,201.118011,192.193665,83.162125
610,3.050000,199.749023,249.554367,85.051796,242.903473,203.800659,86.182602,224.191162,198.659836,84.733528,242.446991,240.277481,88.077782,223.005585,244.224213,86.416626,201.130707,192.191940,83.155556
611,3.055000,199.769897,249.609589,85.048836,242.906235,203.809265,86.186943,224.202911,198.655090,84.727669,242.444382,240.282761,88.081306,222.988541,244.226349,86.429810,201.136719,192.196503,83.143623
612,3.060000,199.752029,249.563385,85.048386,242.897552,203.796188,86.181900,224.205688,198.655426,84.721443,242.444504,240.287521,88.082817,222.995468,244.214645,86.421173,201.146378,192.203232,83.142113
613,3.065000,199.749847,249.551392,85.053406,242.903351,203.791656,86.180855,224.191772,198.653412,84.727547,242.443222,240.291748,88.082855,222.992340,244.230026,86.426987,201.254440,192.201508,83.080765
614,3.070000,199.741394,249.556107,85.055397,242.901382,203.792191,86.179359,224.199478,198.653549,84.728989,242.440765,240.285843,88.077423,222.999603,244.226624,86.421928,201.165695,192.225693,83.115349
615,3.075000,199.746033,249.554932,85.056709,242.902710,203.806808,86.183861,224.200165,198.659882,84.733681,242.441742,240.290695,88.079071,223.529663,244.240417,86.151840,201.125793,192.212173,83.151855
616,3.080000,199.746948,249.556305,85.049591,242.901031,203.814240,86.187469,224.192001,198.661301,84.736794,242.442047,240.289825,88.082474,223.007431,244.313660,86.469940,201.107346,192.195541,83.166069
617,3.085000,199.746765,249.558014,85.052811,242.904114,203.807144,86.190445,224.197464,198.653946,84.730522,242.443939,240.281235,88.080101,223.545593,244.179977,86.199829,201.117081,192.198349,83.162735
618,3.090000,199.746994,249.555771,85.050346,242.902359,203.808563,86.183388,224.191208,198.660614,84.729782,242.443710,240.281738,88.078232,223.150711,244.257401,86.436996,201.126114,192.202026,83.142479
619,3.095000,199.754074,249.553223,85.047249,242.825180,203.736252,85.994400,224.195587,198.658600,84.725937,242.446289,240.280518,88.076797,222.959122,244.206848,86.473923,201.144730,192.201721,83.136986
620,3.100000,199.741821,249.552216,85.054214,242.895279,203.767578,86.117218,224.194992,198.662674,84.724335,242.441910,240.284760,88.081642,222.964218,244.205460,86.471809,201.141968,192.205032,83.148857
621,3.105000,199.747391,249.550842,85.054726,242.903214,203.798340,86.193001,224.199097,198.654221,84.723106,242.442703,240.284012,88.081505,222.984756,244.214874,86.437317,201.132446,192.203888,83.150429
622,3.110000,199.748306,249.551376,85.054642,242.908066,203.797333,86.193916,224.195007,198.660889,84.726753,242.442535,240.279999,88.080246,222.992828,244.233215,86.418549,201.132385,192.201904,83.144783
623,3.115000,199.742310,249.555725,85.054764,242.902832,203.796417,86.186340,224.210052,198.663528,84.724030,242.441589,240.288483,88.082657,223.078842,244.204758,86.554962,201.133682,192.199799,83.141678
624,3.120000,199.771301,249.611816,85.052773,242.904434,203.802292,86.185051,224.204346,198.664169,84.723175,242.442413,240.288498,88.083344,222.959778,244.204208,86.480995,201.141907,192.197479,83.141518
625,3.125000,199.753586,249.565933,85.052368,242.904053,203.798782,86.185936,224.204239,198.664871,84.727036,242.442688,240.286545,88.087242,223.466614,244.350174,85.875267,201.130569,192.209976,83.149551
626,3.130000,199.754913,249.547638,85.050117,242.906494,203.805832,86.182549,224.286453,198.736221,84.887039,242.446106,240.286819,88.083237,223.246201,244.451797,86.095497,201.126740,192.201645,83.153954
627,3.135000,199.750488,249.550369,85.050079,242.907791,203.803421,86.184616,224.201523,198.672745,85.024361,242.445496,240.289200,88.081345,223.453842,244.384903,85.865944,201.126465,192.202103,83.145226
628,3.140000,199.745071,249.557602,85.048218,242.906952,203.799469,86.184853,224.197510,198.611984,85.042191,242.445816,240.284531,88.076370,223.175247,244.364731,86.053459,201.131149,192.211685,83.155464
629,3.145000,199.772202,249.608673,85.049454,242.904419,203.801483,86.184540,224.201767,198.601608,85.032295,242.444351,240.283646,88.079437,223.094498,244.244629,86.492119,201.134430,192.203400,83.156403
630,3.150000,199.754532,249.562607,85.054062,242.905045,203.807053,86.189323,224.191772,198.616974,85.020912,242.443588,240.279053,88.080406,222.873032,244.186493,86.734474,201.136566,192.190186,83.143890
631,3.155000,199.745193,249.552231,85.054543,242.902847,203.806442,86.189606,224.227585,198.632431,84.745804,242.441559,240.283737,88.079788,222.861038,244.174652,86.731720,201.130524,192.205658,83.157257
632,3.160000,199.745773,249.553406,85.053635,242.898880,203.801910,86.186317,224.181274,198.678879,84.704933,242.424072,240.336639,88.114685,222.942642,244.191055,86.504288,201.247803,192.198120,83.090652
633,3.165000,199.749893,249.555222,85.048233,242.900070,203.800629,86.185150,224.184723,198.670578,84.725479,242.430359,240.315964,88.105194,223.087982,244.225311,86.524132,201.175629,192.221588,83.111237
634,3.170000,199.752304,249.551971,85.054970,242.905792,203.798004,86.182312,224.195404,198.659760,84.730537,242.440063,240.291489,88.083778,222.995148,244.218948,86.429993,201.143555,192.201813,83.141930
635,3.175000,199.770111,249.609543,85.045609,242.896088,203.791840,86.180725,224.211456,198.658707,84.724731,242.442108,240.280136,88.075584,223.004486,244.229385,86.409996,201.251358,192.195419,83.097878
636,3.180000,199.775833,249.622910,85.047951,242.903442,203.796951,86.181808,224.203186,198.656860,84.717499,242.314667,240.569855,88.098152,222.878357,244.262436,86.465569,201.169769,192.219284,83.113113
637,3.185000,199.779831,249.617188,85.047684,242.900192,203.792648,86.180382,224.194580,198.658020,84.725159,242.372208,240.407700,88.133705,222.978363,244.213409,86.449074,201.130173,192.201431,83.150330
638,3.190000,199.763840,249.553619,85.037933,242.901001,203.802383,86.185928,224.205276,198.656570,84.722641,242.445175,240.289536,88.101341,223.001190,244.212234,86.423409,201.124237,192.191040,83.168808
639,3.195000,199.751816,249.549103,85.050644,242.900879,203.802963,86.188278,224.196304,198.661606,84.731491,242.456528,240.264893,88.072006,223.002914,244.221863,86.412750,201.119629,192.186462,83.158043
640,3.200000,199.746841,249.558243,85.050049,242.905350,203.807724,86.190361,224.201080,198.654709,84.723099,242.447403,240.271255,88.064850,223.081009,244.198898,86.554710,201.126953,192.199280,83.154251
641,3.205000,199.748169,249.553146,85.047760,242.905273,203.805954,86.191620,224.195923,198.658722,84.728210,242.443848,240.279556,88.070312,222.963135,244.197525,86.483841,201.124664,192.206573,83.154388
642,3.210000,199.751617,249.551544,85.047005,242.908707,203.803726,86.192329,224.203247,198.655121,84.726578,242.445999,240.284332,88.072250,222.979752,244.222336,86.440140,201.127365,192.199814,83.153091
643,3.215000,199.756073,249.556717,85.051140,242.910263,203.806412,86.192230,224.203491,198.661743,84.727760,242.442688,240.287003,88.079300,223.084351,244.204086,86.551018,201.123764,192.206375,83.155663
644,3.220000,199.742691,249.554749,85.049156,242.900925,203.795273,86.183266,224.204514,198.661453,84.728249,242.441589,240.288284,88.078934,222.966431,244.206955,86.476196,201.136307,192.206085,83.155640
645,3.225000,199.744568,249.560455,85.050735,242.904343,203.801102,86.187500,224.203522,198.655533,84.727974,242.441284,240.284866,88.078506,223.072403,244.188889,86.569077,201.262589,192.192841,83.077988
646,3.230000,199.745132,249.554810,85.053452,242.899902,203.794922,86.185165,224.207870,198.656021,84.722176,242.444000,240.287292,88.076279,222.963364,244.202652,86.474518,201.170761,192.230682,83.115517
647,3.235000,199.747620,249.550888,85.052864,242.904617,203.796356,86.187531,224.208282,198.658539,84.726898,242.444275,240.282028,88.074074,223.527496,244.235794,86.141647,201.140579,192.206390,83.142662
648,3.240000,199.743164,249.556061,85.054008,242.901993,203.807190,86.194130,224.197052,198.669006,84.728523,242.442825,240.288727,88.077026,223.162140,244.380997,86.206192,201.126205,192.188889,83.146255
649,3.245000,199.746246,249.558502,85.053062,242.906525,203.811996,86.187912,224.200485,198.666412,84.731560,242.441238,240.283401,88.079643,223.053894,244.256653,86.354897,201.134674,192.192886,83.153580
650,3.250000,199.749924,249.556747,85.055168,242.900085,203.795609,86.179901,224.206497,198.659729,84.726311,242.440811,240.288040,88.084663,222.970123,244.211060,86.456139,201.130890,192.199539,83.152733
651,3.255000,199.751343,249.556641,85.055901,242.905991,203.801498,86.187012,224.203598,198.651733,84.724030,242.441498,240.285645,88.087006,223.061874,244.153442,86.617508,201.143250,192.194595,83.138626
652,3.260000,199.769714,249.609573,85.045425,242.905731,203.803818,86.186134,224.206314,198.648560,84.724136,242.439194,240.290588,88.084770,222.968582,244.122864,86.869934,201.254425,192.195709,83.080933
653,3.265000,199.743073,249.565109,85.047981,242.896286,203.800674,86.184357,224.195343,198.655457,84.724495,242.438980,240.287140,88.086105,222.963226,244.059555,86.934967,201.179199,192.223221,83.102547
654,3.270000,199.769058,249.603226,85.049614,242.906387,203.802872,86.187630,224.196213,198.656647,84.730812,242.441193,240.288269,88.080177,222.957901,244.066101,86.929947,201.135254,192.212769,83.142128
655,3.275000,199.742249,249.552094,85.043800,242.909729,203.800461,86.186104,224.200729,198.656372,84.722801,242.444580,240.280533,88.076477,222.862701,244.170486,86.736908,201.125137,192.190582,83.152504
656,3.280000,199.747864,249.536194,85.039650,242.907364,203.791870,86.184593,224.204025,198.654831,84.722610,242.444778,240.275604,88.078392,222.966782,244.208725,86.455376,201.236725,192.192856,83.094666
657,3.285000,199.747131,249.532990,85.043076,242.909607,203.800842,86.182014,224.206909,198.658722,84.719139,242.442200,240.285660,88.080490,223.050842,244.245010,86.351311,201.172668,192.219727,83.109505
658,3.290000,199.750076,249.536713,85.044273,242.903793,203.803879,86.186806,224.195602,198.663391,84.730782,242.440063,240.286148,88.082184,223.097961,244.239792,86.486130,201.143494,192.209335,83.140762
659,3.295000,199.746964,249.540024,85.046417,242.901215,203.806641,86.190331,224.209229,198.659698,84.727448,242.444443,240.285995,88.081665,223.061630,244.151855,86.611542,201.128052,192.196716,83.156105
660,3.300000,199.747864,249.537903,85.047928,242.902878,203.799591,86.183144,224.213196,198.659744,84.711609,242.442795,240.288162,88.081436,222.938400,244.178558,86.511879,201.253372,192.191803,83.089432
661,3.305000,199.771774,249.595612,85.047630,242.908890,203.795166,86.186424,224.196167,198.663849,84.724602,242.442688,240.279938,88.082985,222.984604,244.207779,86.428894,201.185333,192.219864,83.107292
662,3.310000,199.746048,249.549698,85.043213,242.907364,203.795547,86.181641,224.209213,198.658508,84.724106,242.443970,240.282791,88.077766,223.014053,244.227325,86.401833,201.151749,192.206833,83.137466
663,3.315000,199.772232,249.593140,85.046837,242.902298,203.787003,86.175224,224.203995,198.659637,84.725540,242.444244,240.278992,88.079094,223.010880,244.223602,86.400307,201.129150,192.195709,83.150276
664,3.320000,199.772049,249.603531,85.039604,242.906387,203.795486,86.176437,224.209137,198.659729,84.719940,242.442078,240.280273,88.078110,223.075500,244.192154,86.554527,201.252609,192.187744,83.088402
665,3.325000,199.753372,249.541092,85.042900,242.901093,203.800476,86.180588,224.202225,198.663513,84.725967,242.444702,240.280609,88.075935,222.964554,244.146790,86.843498,201.158203,192.229141,83.125626
666,3.330000,199.760696,249.595718,85.052361,242.902374,203.806458,86.184570,224.203613,198.656921,84.720932,242.439819,240.282486,88.084312,222.963654,244.053940,86.934082,201.134979,192.199249,83.144844
667,3.335000,199.768845,249.602951,85.037117,242.902679,203.806122,86.186600,224.198700,198.656311,84.728546,242.435913,240.281845,88.084961,222.859772,244.150482,86.757576,201.114685,192.203506,83.163467
668,3.340000,199.780914,249.600662,85.036987,242.905884,203.802979,86.186150,224.207321,198.653427,84.721992,242.438873,240.283859,88.083832,222.953217,244.201721,86.472763,201.127686,192.196915,83.160912
669,3.345000,199.755447,249.534973,85.035347,242.904434,203.795792,86.178093,224.197586,198.658218,84.722450,242.442108,240.279877,88.085052,223.098099,244.240570,86.479279,201.127594,192.196686,83.145798
670,3.350000,199.771667,249.579651,85.035980,242.901642,203.800201,86.180725,224.189026,198.668167,84.731323,242.437637,240.275864,88.079811,223.007935,244.222733,86.413849,201.252975,192.204147,83.086647
671,3.355000,199.768372,249.605667,85.036659,242.904526,203.804169,86.182526,224.189224,198.661652,84.731964,242.439804,240.278915,88.076195,223.071320,244.195602,86.545982,201.166183,192.226212,83.103477
672,3.360000,199.755020,249.543472,85.043015,242.899918,203.802963,86.184319,224.202637,198.665375,84.730118,242.441147,240.278976,88.077538,223.472778,244.206131,86.060425,201.130127,192.208298,83.143944
673,3.365000,199.768814,249.587662,85.047089,242.904083,203.802002,86.184639,224.297012,198.736176,84.884811,242.442581,240.279724,88.079407,223.166962,244.355637,86.046494,201.249023,192.195038,83.096985
674,3.370000,199.771561,249.613739,85.044281,242.903458,203.798889,86.183861,224.218079,198.670837,84.751350,242.443115,240.282288,88.082146,223.100525,244.371689,86.253227,201.161743,192.217926,83.111542
675,3.375000,199.773621,249.606750,85.042633,242.903473,203.799896,86.181412,224.192307,198.653824,84.719666,242.442810,240.282257,88.080360,223.009277,244.232880,86.400238,201.133987,192.202637,83.136909
676,3.380000,199.746918,249.545715,85.043861,242.900879,203.790451,86.177055,224.192657,198.657120,84.722412,242.444550,240.282333,88.075668,223.048569,244.139206,86.633064,201.119751,192.202148,83.166000
677,3.385000,199.739487,249.531067,85.047020,242.903000,203.801666,86.181694,224.193985,198.665482,84.727852,242.436905,240.284195,88.082527,222.836090,244.196747,86.553429,201.127060,192.200363,83.160271
678,3.390000,199.767166,249.593048,85.045540,242.905701,203.798035,86.182213,224.194580,198.658508,84.727707,242.441177,240.285614,88.079079,222.960968,244.207397,86.461212,201.127487,192.203842,83.161324
679,3.395000,199.773590,249.606323,85.041481,242.833282,203.730576,85.999969,224.208405,198.660767,84.730461,242.440521,240.277039,88.077080,223.015793,244.224716,86.407524,201.132141,192.200195,83.146729
680,3.400000,199.781128,249.599213,85.037880,242.904449,203.761963,86.114746,224.203918,198.654327,84.721977,242.441208,240.276672,88.079109,223.011978,244.224335,86.397255,201.135315,192.206131,83.148705
681,3.405000,199.781570,249.601517,85.034668,242.913254,203.802917,86.193314,224.202789,198.655746,84.722748,242.441879,240.282166,88.079865,223.078308,244.189850,86.550316,201.140961,192.200928,83.139801
682,3.410000,199.778763,249.603592,85.044304,242.905960,203.814484,86.197693,224.203094,198.658951,84.728416,242.440506,240.284851,88.080261,222.953415,244.191559,86.488770,201.149414,192.202148,83.138397
683,3.415000,199.769089,249.605026,85.051086,242.903870,203.805649,86.183929,224.205872,198.661285,84.722458,242.441681,240.278152,88.080109,222.981995,244.209091,86.442780,201.150467,192.206146,83.138947
684,3.420000,199.748566,249.546097,85.051559,242.910400,203.802811,86.183456,224.207108,198.656906,84.720016,242.442245,240.281616,88.078026,223.005096,244.218704,86.412651,201.255508,192.201965,83.077934
685,3.425000,199.769928,249.584579,85.043770,242.901291,203.803894,86.187096,224.210785,198.654907,84.723335,242.436249,240.281555,88.082237,223.008560,244.218918,86.405212,201.271652,192.220245,83.072189
686,3.430000,199.748642,249.544128,85.044640,242.897751,203.799316,86.183060,224.204163,198.657074,84.722656,242.439667,240.281464,88.082710,222.997696,244.220184,86.414848,201.174240,192.220642,83.112457
687,3.435000,199.770676,249.589935,85.044121,242.904922,203.802353,86.179932,224.195206,198.655914,84.725372,242.438782,240.282959,88.079628,222.988220,244.218689,86.424599,201.120865,192.200836,83.154785
688,3.440000,199.782547,249.608063,85.032455,242.900497,203.800430,86.183800,224.205246,198.650085,84.716675,242.439606,240.276596,88.075165,222.979797,244.222626,86.435959,201.104645,192.194046,83.164597
689,3.445000,199.783234,249.603333,85.032387,242.898636,203.794083,86.183739,224.195175,198.657928,84.727661,242.443649,240.276291,88.071434,222.990555,244.208633,86.427101,201.240265,192.193634,83.091110
690,3.450000,199.769958,249.605804,85.043686,242.903778,203.797318,86.183434,224.193680,198.663544,84.724472,242.443405,240.278503,88.070389,223.074478,244.176422,86.557129,201.163452,192.229523,83.114357
691,3.455000,199.774002,249.597549,85.037003,242.903793,203.804626,86.185760,224.201736,198.652039,84.718094,242.443390,240.276871,88.071083,222.949478,244.191589,86.487022,201.133026,192.217010,83.149910
692,3.460000,199.745468,249.538910,85.047836,242.901169,203.795227,86.182922,224.200455,198.649826,84.730148,242.439484,240.279022,88.079857,222.978577,244.214111,86.432465,201.116074,192.204987,83.165634
693,3.465000,199.766693,249.593414,85.046379,242.905167,203.805923,86.190445,224.200317,198.655060,84.724892,242.438690,240.280670,88.082893,223.005188,244.222961,86.405632,201.115967,192.196075,83.160446
694,3.470000,199.748886,249.549805,85.045753,242.898010,203.798553,86.181122,224.199402,198.660492,84.721001,242.441010,240.283066,88.082298,223.003403,244.219254,86.399658,201.137268,192.195938,83.155586
695,3.475000,199.772034,249.593048,85.044960,242.904938,203.797989,86.180847,224.200928,198.659027,84.724602,242.441711,240.285812,88.082619,223.071442,244.199738,86.556709,201.139313,192.197250,83.145844
696,3.480000,199.776474,249.607162,85.045937,242.902679,203.787903,86.174919,224.290985,198.726959,84.887024,242.442535,240.282745,88.082771,222.957535,244.183731,86.479340,201.125488,192.210632,83.154610
697,3.485000,199.752686,249.542892,85.044334,242.908813,203.800461,86.183159,224.198288,198.665848,85.024529,242.444397,240.281433,88.075089,222.975861,244.210220,86.434883,201.130951,192.196930,83.153915
698,3.490000,199.757095,249.523117,85.038193,242.910126,203.797165,86.188065,224.200745,198.611526,85.037331,242.444626,240.279739,88.068565,223.011078,244.220184,86.416176,201.258469,192.191376,83.085732
699,3.495000,199.748398,249.535172,85.042389,242.908600,203.799362,86.187675,224.198227,198.614441,85.025795,242.440063,240.276657,88.069221,223.012497,244.221710,86.414642,201.184280,192.222992,83.111641
700,3.500000,199.778366,249.593918,85.043541,242.903763,203.800064,86.183273,224.231781,198.624802,84.739136,242.442169,240.280365,88.076767,223.002106,244.214584,86.418678,201.261261,192.198868,83.079353
701,3.505000,199.752365,249.549454,85.047302,242.905869,203.804291,86.183014,224.185013,198.673264,84.709900,242.442596,240.280701,88.078339,222.992813,244.218185,86.425835,201.281235,192.211395,83.068542
702,3.510000,199.771118,249.595474,85.048759,242.904663,203.802505,86.184845,224.276779,198.751678,84.875145,242.445374,240.275894,88.071945,222.987549,244.219727,86.429573,201.172928,192.222977,83.118378
703,3.515000,199.776703,249.600235,85.038544,242.903656,203.803757,86.185234,224.215515,198.679657,84.754753,242.441238,240.273926,88.075745,222.990311,244.217438,86.426682,201.123978,192.204590,83.157135
704,3.520000,199.746078,249.540237,85.044067,242.894043,203.789795,86.182442,224.183792,198.658890,84.719368,242.443283,240.285278,88.074135,223.068680,244.188095,86.561859,201.111023,192.198196,83.166237
705,3.525000,199.763367,249.589920,85.043869,242.900299,203.797241,86.181564,224.191696,198.658035,84.724266,242.440826,240.280167,88.079002,223.056961,244.124695,86.645943,201.109360,192.196136,83.164520
706,3.530000,199.764252,249.608719,85.049072,242.904068,203.802765,86.186073,224.195877,198.658661,84.726418,242.442245,240.283951,88.077942,222.966354,244.116333,86.861832,201.125488,192.196503,83.148354
707,3.535000,199.774231,249.609360,85.043251,242.903763,203.799515,86.185432,224.200363,198.657349,84.722969,242.441010,240.283463,88.076836,222.956665,244.065842,86.929672,201.258514,192.195175,83.079529
708,3.540000,199.775284,249.602127,85.037575,242.904053,203.802872,86.185921,224.211731,198.657318,84.727905,242.441162,240.278610,88.076187,222.962677,244.061920,86.925209,201.185699,192.225662,83.103989
709,3.545000,199.747620,249.539490,85.040161,242.899780,203.793625,86.182861,224.198044,198.653488,84.725319,242.439606,240.281158,88.081940,222.964661,244.081589,86.906876,201.143143,192.208282,83.137611
710,3.550000,199.765991,249.593948,85.046471,242.897751,203.800827,86.181267,224.198105,198.655975,84.726189,242.442368,240.283554,88.080185,222.919983,244.175812,86.536461,201.247040,192.189774,83.087891
711,3.555000,199.746536,249.547272,85.052246,242.903137,203.801865,86.182869,224.205719,198.661057,84.728371,242.443115,240.283188,88.079865,223.031708,244.242249,86.370193,201.164352,192.222595,83.116425
712,3.560000,199.772415,249.592056,85.047981,242.898407,203.790985,86.181450,224.210968,198.660568,84.722504,242.442505,240.282974,88.081650,223.060074,244.247253,86.342621,201.262634,192.198624,83.079536
713,3.565000,199.778336,249.603424,85.040749,242.904022,203.789566,86.178345,224.212448,198.657288,84.723953,242.449188,240.285110,88.079613,223.030762,244.227890,86.383713,201.175705,192.221191,83.117180
714,3.570000,199.750885,249.541702,85.047195,242.906509,203.795425,86.183464,224.287231,198.725769,84.885971,242.445312,240.281708,88.078064,222.993805,244.214005,86.425964,201.132645,192.200348,83.148727
715,3.575000,199.771011,249.585876,85.046829,242.906937,203.800217,86.180740,224.199722,198.665070,85.020576,242.445038,240.276016,88.074989,222.989349,244.205887,86.437241,201.251511,192.189163,83.084419
716,3.580000,199.753036,249.542236,85.039238,242.910110,203.805862,86.185394,224.203979,198.607590,85.038841,242.441696,240.276184,88.078522,223.076797,244.171188,86.568573,201.276367,192.212524,83.064835
717,3.585000,199.747253,249.532135,85.041763,242.906342,203.788727,86.178421,224.201492,198.600143,85.025551,242.442352,240.282745,88.082993,222.955475,244.186478,86.485664,201.172821,192.222137,83.107010
718,3.590000,199.770142,249.593231,85.042099,242.904434,203.795197,86.177139,224.264175,198.685410,85.171265,242.440521,240.284088,88.082039,223.070206,244.185989,86.574394,201.133911,192.201569,83.147987
719,3.595000,199.749222,249.544846,85.042274,242.905518,203.796829,86.180588,224.209885,198.637100,85.069954,242.441498,240.284668,88.079056,223.063309,244.134155,86.628258,201.124786,192.191788,83.158875
720,3.600000,199.769653,249.591568,85.046181,242.909622,203.799118,86.183952,224.225784,198.622070,84.736534,242.441696,240.284195,88.076172,222.971573,244.134689,86.852898,201.118088,192.205276,83.162468
721,3.605000,199.774323,249.605972,85.041420,242.904404,203.796494,86.177338,224.173996,198.672729,84.692566,242.442688,240.284729,88.079933,222.960342,244.066711,86.925262,201.125885,192.200714,83.152870
722,3.610000,199.770935,249.599838,85.036438,242.902130,203.781708,86.176079,224.203583,198.715240,84.751472,242.442429,240.282059,88.081528,222.854446,244.160660,86.752144,201.130020,192.199005,83.140396
723,3.615000,199.748749,249.540253,85.044579,242.906769,203.792572,86.183167,224.284653,198.740341,84.888489,242.443115,240.279495,88.078339,223.055176,244.150467,86.613876,201.130936,192.203552,83.142654
724,3.620000,199.766769,249.584595,85.041328,242.904953,203.805389,86.184608,224.189087,198.660553,85.024223,242.444260,240.277313,88.076447,223.069214,244.160446,86.583054,201.249573,192.198380,83.076424
725,3.625000,199.773300,249.604736,85.036118,242.903763,203.803360,86.179260,224.195358,198.598709,85.040894,242.442947,240.280838,88.077469,222.963730,244.208542,86.457069,201.275436,192.214020,83.063736
726,3.630000,199.773788,249.604446,85.034271,242.899750,203.803146,86.181000,224.191452,198.601456,85.030159,242.439377,240.281586,88.084641,223.079651,244.206116,86.542137,201.271652,192.212769,83.064560
727,3.635000,199.768250,249.608414,85.048073,242.906372,203.798584,86.185150,224.194763,198.617996,85.022270,242.439026,240.287537,88.082596,222.967468,244.202576,86.458878,201.157822,192.219421,83.120644
728,3.640000,199.760040,249.610092,85.047890,242.902420,203.787750,86.178741,224.191345,198.627060,85.019920,242.439331,240.271454,88.078941,222.989151,244.214355,86.426170,201.243652,192.203690,83.094971
729,3.645000,199.771271,249.608246,85.050819,242.907578,203.800247,86.182739,224.225067,198.624527,84.738907,242.445801,240.278305,88.075943,223.066376,244.198318,86.558853,201.158112,192.213684,83.124985
730,3.650000,199.768707,249.605362,85.045822,242.904465,203.804321,86.187012,224.190369,198.670181,84.703423,242.443207,240.280472,88.080070,222.954865,244.193451,86.477859,201.247559,192.202499,83.091927
731,3.655000,199.745743,249.543182,85.042389,242.833527,203.731689,86.004105,224.195282,198.674789,84.719498,242.442734,240.276337,88.080338,222.981323,244.206345,86.428909,201.171570,192.216049,83.108841
732,3.660000,199.769684,249.583344,85.045120,242.900726,203.762604,86.117867,224.200241,198.665268,84.730888,242.443329,240.283661,88.079758,222.997849,244.224640,86.416969,201.135941,192.206390,83.135567
733,3.665000,199.775513,249.606094,85.042046,242.912048,203.800705,86.187347,224.208755,198.649704,84.719864,242.440674,240.278564,88.080292,223.071594,244.195709,86.553139,201.129105,192.198410,83.154915
734,3.670000,199.762207,249.605728,85.053726,242.910934,203.803909,86.194771,224.198181,198.661362,84.728973,242.441269,240.282745,88.079613,223.070618,244.110382,86.635651,201.128098,192.198898,83.156281
735,3.675000,199.768417,249.599960,85.052650,242.902222,203.793884,86.179771,224.297821,198.733887,84.882538,242.443039,240.281052,88.075325,222.964798,244.116470,86.872635,201.125046,192.204315,83.156532
736,3.680000,199.772583,249.600159,85.044090,242.906387,203.794769,86.180664,224.199600,198.673706,85.024536,242.442291,240.280823,88.079132,222.963837,244.061386,86.929512,201.126709,192.208481,83.154793
737,3.685000,199.749084,249.537048,85.043655,242.907990,203.799484,86.179131,224.199051,198.608643,85.039116,242.441010,240.288483,88.083923,222.855057,244.162109,86.748596,201.137894,192.203873,83.149445
738,3.690000,199.776886,249.587723,85.047966,242.905014,203.807968,86.184593,224.189697,198.609726,85.027306,242.443298,240.280075,88.080933,222.960876,244.202576,86.466072,201.251862,192.202194,83.095169
739,3.695000,199.775925,249.602921,85.046791,242.904343,203.798904,86.185280,224.218185,198.622009,84.741196,242.442856,240.274353,88.080536,223.099319,244.242004,86.478928,201.184601,192.225143,83.103004
740,3.700000,199.747421,249.546188,85.046593,242.900681,203.800949,86.181519,224.180725,198.680664,84.707848,242.443939,240.285217,88.079208,223.076416,244.187424,86.556099,201.151962,192.209641,83.139389
741,3.705000,199.767532,249.591095,85.048950,242.898010,203.803940,86.183235,224.185699,198.680405,84.720947,242.440857,240.282593,88.081284,223.052887,244.132095,86.640564,201.112549,192.204697,83.160606
742,3.710000,199.768738,249.610916,85.043404,242.899597,203.805023,86.185669,224.195633,198.654510,84.718910,242.444016,240.285614,88.080330,222.938934,244.180222,86.502975,201.110504,192.205917,83.157249
743,3.715000,199.751450,249.544403,85.039970,242.899246,203.802368,86.186409,224.199905,198.656662,84.728317,242.443176,240.279831,88.082458,223.068283,244.195282,86.559509,201.125259,192.196915,83.150909
744,3.720000,199.763931,249.589752,85.044533,242.902985,203.806076,86.184067,224.196198,198.655258,84.728966,242.439468,240.286835,88.082962,223.068481,244.143753,86.606224,201.127548,192.199020,83.157913
745,3.725000,199.745743,249.548843,85.048561,242.904266,203.802124,86.184502,224.197128,198.658035,84.729271,242.437653,240.280472,88.078491,222.969513,244.141220,86.840065,201.107468,192.214340,83.164322
746,3.730000,199.740753,249.529831,85.045853,242.903458,203.804565,86.185837,224.194733,198.662949,84.725616,242.441086,240.277313,88.075508,222.852188,244.168991,86.758278,201.112015,192.209885,83.160057
747,3.735000,199.765198,249.591675,85.046417,242.901047,203.787506,86.181862,224.196503,198.660339,84.727554,242.444305,240.277786,88.077911,222.932236,244.195099,86.495506,201.129013,192.209030,83.155983
748,3.740000,199.777206,249.609985,85.037720,242.902939,203.799149,86.182884,224.209503,198.659637,84.718849,242.439209,240.285645,88.079506,223.031799,244.230728,86.372322,201.130814,192.205612,83.155846
749,3.745000,199.754150,249.541107,85.039970,242.833832,203.737961,86.001167,224.204544,198.656586,84.721931,242.437943,240.283310,88.081886,223.045883,244.238480,86.359650,201.122757,192.209534,83.164322
750,3.750000,199.743546,249.526382,85.047775,242.897461,203.773895,86.116058,224.293015,198.735336,84.887817,242.441544,240.285843,88.078575,223.005997,244.231644,86.399994,201.137085,192.203888,83.154716
751,3.755000,199.774094,249.591171,85.038834,242.905960,203.803741,86.191010,224.227188,198.677383,84.749908,242.442825,240.283875,88.075363,223.064011,244.184769,86.572586,201.136963,192.204269,83.145302
752,3.760000,199.749954,249.544434,85.039200,242.912262,203.811172,86.201340,224.199615,198.657104,84.711395,242.438782,240.282379,88.079567,222.963654,244.130402,86.855736,201.143097,192.203171,83.155205
753,3.765000,199.747711,249.532761,85.046852,242.905884,203.797607,86.189400,224.193314,198.660919,84.724060,242.439941,240.283096,88.079475,222.959091,244.051636,86.940849,201.138428,192.195831,83.146324
754,3.770000,199.765213,249.598068,85.049965,242.909531,203.795410,86.185913,224.204102,198.660965,84.730103,242.440872,240.282166,88.079391,222.853333,244.163681,86.756081,201.135208,192.202560,83.150253
755,3.775000,199.772263,249.612793,85.043022,242.908676,203.797745,86.186905,224.203110,198.656677,84.724358,242.441544,240.281769,88.074394,222.959702,244.204727,86.463112,201.262543,192.197739,83.087273
756,3.780000,199.775986,249.606537,85.040131,242.907898,203.791229,86.180542,224.196198,198.655777,84.725517,242.440582,240.284683,88.077286,223.052246,244.236832,86.346626,201.280029,192.213623,83.062790
757,3.785000,199.767960,249.602982,85.044060,242.905960,203.798187,86.180420,224.203125,198.659775,84.726562,242.440857,240.285934,88.078766,223.045898,244.242126,86.361008,201.266541,192.210052,83.064278
758,3.790000,199.744934,249.544281,85.044907,242.902222,203.803711,86.186096,224.203552,198.659317,84.724525,242.440063,240.287354,88.080727,223.008514,244.221191,86.404198,201.162979,192.218582,83.127502
759,3.795000,199.771042,249.588394,85.046852,242.896088,203.786545,86.176704,224.210831,198.663269,84.721352,242.441147,240.286194,88.079506,223.067078,244.175613,86.570793,201.120148,192.202316,83.161140
760,3.800000,199.780685,249.604019,85.035378,242.901733,203.798187,86.187645,224.202942,198.660065,84.726173,242.438187,240.283279,88.080704,222.966614,244.132034,86.853912,201.101517,192.195847,83.170082
761,3.805000,199.781860,249.604736,85.041176,242.907776,203.808014,86.190575,224.203049,198.658524,84.729561,242.440506,240.284348,88.079132,222.960251,244.054474,86.938568,201.112701,192.200378,83.167046
762,3.810000,199.749130,249.548386,85.048737,242.908951,203.807510,86.190872,224.189499,198.660645,84.728943,242.440842,240.288834,88.079742,222.959198,244.058365,86.934746,201.126770,192.205093,83.153725
763,3.815000,199.767578,249.585907,85.041451,242.896759,203.789337,86.179314,224.200089,198.660645,84.728134,242.444839,240.283722,88.079628,222.858505,244.174301,86.732918,201.127350,192.214035,83.151581
764,3.820000,199.776962,249.609619,85.042145,242.906342,203.801102,86.182938,224.199524,198.655472,84.723816,242.443924,240.281052,88.076996,222.970428,244.210236,86.455750,201.255875,192.199905,83.083046
765,3.825000,199.778183,249.606049,85.043419,242.901230,203.802261,86.184372,224.201416,198.659195,84.725471,242.440384,240.282791,88.082817,223.047684,244.244034,86.355515,201.173462,192.225601,83.110878
766,3.830000,199.776505,249.611282,85.042656,242.896790,203.795105,86.179321,224.200806,198.660767,84.721741,242.439331,240.280563,88.087090,223.100937,244.228516,86.482765,201.128265,192.208633,83.148766
767,3.835000,199.777496,249.603592,85.045403,242.900040,203.798477,86.178986,224.193008,198.663025,84.728050,242.441910,240.289032,88.078773,223.064957,244.148331,86.612335,201.124008,192.203308,83.167259
768,3.840000,199.770142,249.601532,85.042229,242.910156,203.800583,86.186508,224.197098,198.658081,84.723953,242.440964,240.285751,88.078812,222.935730,244.178879,86.507530,201.249268,192.188171,83.093292
769,3.845000,199.771820,249.599106,85.041565,242.905731,203.806854,86.186508,224.213409,198.654770,84.725273,242.440155,240.286331,88.084862,222.986526,244.204285,86.429237,201.271057,192.210907,83.069572
770,3.850000,199.767761,249.602341,85.050629,242.907028,203.798553,86.183174,224.208328,198.655136,84.726700,242.440048,240.289139,88.085106,223.007294,244.226746,86.403351,201.188080,192.209335,83.097145
771,3.855000,199.746933,249.544891,85.051605,242.908401,203.794052,86.182312,224.286560,198.731110,84.896790,242.440140,240.292862,88.083481,223.017776,244.224136,86.404984,201.142929,192.207504,83.151428
772,3.860000,199.767792,249.583984,85.043961,242.907227,203.798141,86.185928,224.205200,198.657654,85.024490,242.443695,240.285507,88.082199,223.000397,244.220383,86.416588,201.130524,192.193939,83.150002
773,3.865000,199.751114,249.544846,85.043243,242.910583,203.799255,86.186806,224.197052,198.600662,85.037300,242.441696,240.286301,88.079666,222.997208,244.207764,86.423309,201.128784,192.200104,83.153603
774,3.870000,199.767883,249.592834,85.043427,242.905853,203.791840,86.179131,224.195786,198.608063,85.025574,242.442841,240.277786,88.076538,223.074692,244.183426,86.571815,201.132828,192.202240,83.148628
775,3.875000,199.750565,249.546951,85.039238,242.902542,203.785782,86.178200,224.268280,198.685181,85.161980,242.442749,240.280853,88.083282,222.945267,244.194046,86.491043,201.129898,192.203568,83.140213
776,3.880000,199.770706,249.591782,85.046432,242.903214,203.804337,86.185135,224.209625,198.637711,85.066360,242.444046,240.285858,88.085358,223.068878,244.177231,86.567612,201.254486,192.204300,83.080803
777,3.885000,199.749878,249.545486,85.046944,242.905563,203.796677,86.183891,224.215256,198.618774,84.743340,242.439499,240.282211,88.082626,223.056671,244.132645,86.627808,201.185394,192.226089,83.106964
778,3.890000,199.744751,249.533783,85.045174,242.905167,203.801849,86.184975,224.176926,198.673630,84.700600,242.440292,240.279785,88.080582,222.964615,244.133316,86.850288,201.126038,192.211990,83.149811
779,3.895000,199.746872,249.536301,85.044647,242.899704,203.796860,86.181190,224.183807,198.687119,84.725136,242.441589,240.281494,88.079910,222.856781,244.165359,86.754829,201.098373,192.204880,83.168579
780,3.900000,199.744873,249.541046,85.047157,242.902588,203.805511,86.184074,224.179840,198.669785,84.737221,242.442825,240.284485,88.081734,222.941315,244.185867,86.491356,201.241272,192.200577,83.099312
781,3.905000,199.763077,249.601608,85.045052,242.906830,203.801086,86.185295,224.205338,198.652542,84.723312,242.440125,240.283295,88.087784,223.030487,244.230148,86.375549,201.268494,192.227509,83.078453
782,3.910000,199.777405,249.608414,85.036247,242.903366,203.801987,86.186089,224.197983,198.651779,84.726669,242.441406,240.285461,88.085205,223.099792,244.229050,86.495728,201.270523,192.221008,83.070557
783,3.915000,199.777466,249.605042,85.036766,242.901596,203.795670,86.178383,224.198563,198.652054,84.726273,242.441635,240.283173,88.083031,223.062790,244.147293,86.606819,201.158295,192.227539,83.136787
784,3.920000,199.775833,249.603149,85.040558,242.908340,203.800125,86.182755,224.205368,198.658920,84.723007,242.437469,240.280014,88.084290,222.964737,244.119370,86.864296,201.116791,192.197937,83.155159
785,3.925000,199.754364,249.538086,85.037300,242.906250,203.791000,86.179718,224.210083,198.658905,84.721336,242.440186,240.279556,88.078064,222.960571,244.057587,86.938919,201.120590,192.192078,83.159531
786,3.930000,199.771561,249.586533,85.050034,242.909164,203.802170,86.184006,224.192001,198.662476,84.730186,242.441528,240.282150,88.077591,222.848953,244.157852,86.763351,201.130920,192.198975,83.143394
787,3.935000,199.747726,249.553757,85.047798,242.899414,203.784409,86.174377,224.202744,198.659393,84.726997,242.441360,240.282150,88.078995,222.958755,244.199173,86.471581,201.260757,192.198273,83.088715
788,3.940000,199.770264,249.590546,85.041496,242.902115,203.786163,86.177719,224.202972,198.654709,84.730095,242.442932,240.280380,88.077591,223.100906,244.245010,86.478195,201.184219,192.218719,83.109077
789,3.945000,199.770630,249.611160,85.047729,242.902298,203.793381,86.177872,224.206009,198.658920,84.731987,242.442154,240.274628,88.081398,223.005508,244.221329,86.406639,201.261429,192.202820,83.086784
790,3.950000,199.747269,249.546082,85.050957,242.908401,203.805603,86.184914,224.204468,198.658951,84.721756,242.442688,240.276138,88.080078,223.074173,244.198975,86.551025,201.170212,192.220276,83.122887
791,3.955000,199.742645,249.530045,85.048409,242.908173,203.799652,86.179451,224.197067,198.659714,84.724907,242.442734,240.277618,88.075089,222.959396,244.187790,86.482849,201.135422,192.193085,83.152847
792,3.960000,199.771851,249.587784,85.044296,242.910629,203.798752,86.183952,224.201462,198.655884,84.727036,242.445786,240.272491,88.078293,222.978058,244.210007,86.440102,201.116165,192.201889,83.168411
793,3.965000,199.777512,249.609940,85.046898,242.907593,203.803986,86.184311,224.205627,198.655640,84.723015,242.443604,240.283020,88.081284,222.998627,244.224091,86.414154,201.122757,192.203156,83.154251
794,3.970000,199.748749,249.540909,85.046333,242.904465,203.809265,86.187187,224.201767,198.652267,84.724304,242.440704,240.284851,88.084831,223.080322,244.194122,86.545090,201.132721,192.211151,83.144234
795,3.975000,199.767914,249.592194,85.047691,242.901337,203.799088,86.184227,224.199509,198.659393,84.729561,242.440491,240.286102,88.080421,223.063599,244.122330,86.633858,201.133408,192.208450,83.143776
796,3.980000,199.769470,249.611145,85.049324,242.905258,203.799957,86.188225,224.204651,198.659729,84.720818,242.439545,240.285599,88.077881,222.925110,244.185455,86.506393,201.131790,192.205139,83.150871
797,3.985000,199.771835,249.606339,85.042511,242.901627,203.799896,86.180397,224.198120,198.658478,84.724754,242.438721,240.282608,88.083168,223.070892,244.190689,86.561012,201.125458,192.204712,83.154846
798,3.990000,199.766479,249.607498,85.046715,242.903183,203.790817,86.181984,224.201996,198.656189,84.725670,242.438858,240.282684,88.084602,223.071167,244.143051,86.611153,201.123505,192.201675,83.158531
799,3.995000,199.739899,249.540970,85.043472,242.901932,203.800232,86.184959,224.194336,198.658905,84.728401,242.437271,240.282715,88.083801,222.947601,244.190277,86.492386,201.242584,192.202011,83.092262
800,4.000000,199.747559,249.530396,85.043251,242.903061,203.808243,86.184296,224.202682,198.657730,84.724594,242.440536,240.282349,88.082283,222.984955,244.214645,86.424706,201.178619,192.228653,83.113037
801,4.005000,199.743423,249.537628,85.043961,242.825684,203.736298,86.002724,224.196350,198.662659,84.722969,242.437897,240.285339,88.080643,223.073334,244.205170,86.537109,201.140213,192.211288,83.142372
802,4.010000,199.768524,249.596359,85.040596,242.895737,203.761978,86.115356,224.205322,198.660477,84.722435,242.439362,240.284622,88.076370,223.058792,244.140900,86.626602,201.237320,192.198944,83.088196
803,4.015000,199.749985,249.550720,85.040596,242.901382,203.799393,86.190102,224.198532,198.660172,84.730728,242.440506,240.277252,88.073479,222.937546,244.183258,86.506073,201.168747,192.222122,83.117249
804,4.020000,199.768738,249.590317,85.044601,242.903870,203.800552,86.196686,224.290573,198.737213,84.892532,242.443649,240.273605,88.074547,223.077759,244.182327,86.555344,201.131424,192.208359,83.142159
805,4.025000,199.769730,249.607681,85.046364,242.903870,203.804901,86.187714,224.197586,198.674377,85.026817,242.438736,240.280472,88.080772,223.064331,244.144363,86.615822,201.127686,192.202057,83.156021
806,4.030000,199.774551,249.606857,85.045845,242.906509,203.790222,86.183861,224.200012,198.603333,85.041199,242.440979,240.280258,88.082634,222.967911,244.133026,86.840889,201.254105,192.197617,83.093460
807,4.035000,199.749237,249.544205,85.044746,242.906204,203.793991,86.182434,224.192352,198.607147,85.036057,242.446182,240.272934,88.077881,222.959579,244.069580,86.924339,201.173141,192.227142,83.118988
808,4.040000,199.770355,249.586731,85.051254,242.907303,203.804138,86.187103,224.191025,198.624756,85.024368,242.443680,240.272797,88.072334,222.960464,244.060135,86.928589,201.256226,192.201828,83.087166
809,4.045000,199.748230,249.543152,85.042328,242.904526,203.803482,86.186996,224.221283,198.626495,84.749954,242.443390,240.281448,88.071320,222.960709,244.083984,86.914726,201.159836,192.221802,83.128433
810,4.050000,199.748016,249.530273,85.040230,242.903198,203.804550,86.186417,224.192429,198.664139,84.700508,242.443192,240.281479,88.073875,222.963577,244.089142,86.889610,201.133652,192.201721,83.155174
811,4.055000,199.774017,249.583572,85.041679,242.909897,203.810806,86.184914,224.189804,198.678833,84.720146,242.444595,240.272385,88.075722,222.958679,244.098862,86.892998,201.250626,192.203491,83.089714
812,4.060000,199.775131,249.611435,85.044083,242.905487,203.799820,86.179688,224.198395,198.669952,84.726006,242.439957,240.280991,88.079819,222.961548,244.097397,86.897156,201.276871,192.221191,83.072151
813,4.065000,199.781311,249.606506,85.043587,242.905762,203.806656,86.186073,224.206696,198.667328,84.736618,242.439163,240.291458,88.083382,222.957260,244.096085,86.898270,201.276169,192.213638,83.074860
814,4.070000,199.768906,249.603195,85.041397,242.900452,203.790207,86.186028,224.195450,198.662354,84.726280,242.441788,240.286911,88.080032,222.964676,244.085800,86.894875,201.146103,192.223618,83.129189
815,4.075000,199.767853,249.606049,85.047005,242.904129,203.799225,86.186981,224.195343,198.659073,84.728226,242.444336,240.288956,88.078239,222.921082,244.167099,86.530693,201.117096,192.200653,83.157455
816,4.080000,199.769745,249.605545,85.044998,242.902298,203.797974,86.184326,224.200455,198.659622,84.727234,242.437332,240.279999,88.078789,223.505997,244.391083,85.955940,201.248932,192.189743,83.089699
817,4.085000,199.774094,249.602570,85.040489,242.898621,203.803452,86.183922,224.195129,198.662460,84.732208,242.317566,240.563675,88.098358,223.213699,244.392288,86.012550,201.171173,192.224167,83.107574
818,4.090000,199.769730,249.602905,85.040192,242.901306,203.786987,86.178749,224.197189,198.662552,84.726051,242.372192,240.402008,88.130577,223.114883,244.277512,86.426376,201.233139,192.214462,83.096390
819,4.095000,199.777817,249.600388,85.036995,242.825409,203.718765,85.989822,224.187775,198.663544,84.729362,242.444473,240.291092,88.100220,222.965271,244.113739,86.872314,201.147415,192.219025,83.131157
820,4.100000,199.767548,249.603668,85.049149,242.899704,203.769714,86.117638,224.191483,198.657074,84.726509,242.454391,240.262680,88.072929,222.842758,244.146729,86.802193,201.123322,192.194733,83.151932
821,4.105000,199.737503,249.542633,85.053741,242.909531,203.804810,86.195198,224.196945,198.656509,84.724960,242.443161,240.274277,88.068634,222.932022,244.186005,86.502083,201.235657,192.199615,83.098022
822,4.110000,199.771515,249.578186,85.041870,242.900925,203.812775,86.200439,224.199341,198.659576,84.728195,242.437347,240.288330,88.074615,223.035706,244.239136,86.370552,201.176102,192.223618,83.121826
823,4.115000,199.758072,249.549347,85.043228,242.906036,203.805618,86.191666,224.193741,198.655258,84.721092,242.441299,240.287033,88.079247,223.048065,244.246796,86.352104,201.144913,192.207916,83.142212
824,4.120000,199.743225,249.537430,85.045303,242.907990,203.794312,86.185005,224.205994,198.661102,84.728539,242.440903,240.280548,88.082832,223.080505,244.217270,86.528305,201.127319,192.195435,83.156456
825,4.125000,199.770370,249.592773,85.045860,242.910767,203.791626,86.184189,224.207031,198.659698,84.720566,242.440948,240.285980,88.081787,223.055771,244.127029,86.647896,201.133224,192.199219,83.154770
826,4.130000,199.772110,249.610977,85.045837,242.904327,203.799408,86.185532,224.204071,198.651016,84.725197,242.442764,240.284882,88.079308,222.923264,244.184296,86.524071,201.125504,192.206024,83.157768
827,4.135000,199.778778,249.598679,85.038063,242.909653,203.803436,86.187119,224.206863,198.657867,84.718834,242.444794,240.279037,88.078705,222.981461,244.221390,86.435013,201.261353,192.204865,83.086143
828,4.140000,199.775604,249.600037,85.041580,242.911682,203.807663,86.185753,224.203384,198.660873,84.719551,242.442139,240.277725,88.073570,223.080872,244.212006,86.529739,201.187271,192.225220,83.102760
829,4.145000,199.776001,249.602127,85.041756,242.914230,203.808090,86.186409,224.193130,198.668808,84.727135,242.440720,240.282516,88.075996,222.972687,244.200180,86.464264,201.253494,192.206360,83.081505
830,4.150000,199.752716,249.545044,85.044479,242.905136,203.804733,86.186272,224.194641,198.659103,84.725571,242.440765,240.282776,88.079887,223.066162,244.184448,86.573929,201.176208,192.217194,83.117844
831,4.155000,199.771255,249.586990,85.048027,242.905090,203.802917,86.181427,224.284210,198.734009,84.887039,242.439041,240.286591,88.085358,222.955124,244.196030,86.481224,201.136185,192.203629,83.148430
832,4.160000,199.750290,249.547699,85.044525,242.900528,203.797974,86.179832,224.197510,198.670090,85.025352,242.439331,240.295380,88.085762,222.983368,244.219925,86.430481,201.243317,192.191071,83.095490
833,4.165000,199.765106,249.593811,85.050354,242.903717,203.801422,86.181038,224.197342,198.605347,85.031700,242.438339,240.287628,88.084106,223.084030,244.199738,86.543335,201.156342,192.224380,83.123489
834,4.170000,199.775497,249.608200,85.043427,242.903488,203.807312,86.185417,224.190704,198.608353,85.020439,242.441452,240.284363,88.083595,222.962601,244.198792,86.476265,201.125198,192.206512,83.143707
835,4.175000,199.751526,249.540146,85.041321,242.827118,203.737457,85.996666,224.221909,198.627197,84.741661,242.442596,240.277679,88.085052,222.984695,244.206772,86.434021,201.107178,192.204193,83.161949
836,4.180000,199.766891,249.582993,85.041351,242.903641,203.767014,86.115158,224.188095,198.677353,84.696480,242.444901,240.276718,88.080894,222.997452,244.218552,86.413147,201.122864,192.196365,83.158371
837,4.185000,199.763870,249.607407,85.047295,242.909332,203.803772,86.191826,224.181168,198.680740,84.717888,242.440796,240.275528,88.076492,223.007874,244.212555,86.408737,201.248291,192.202820,83.094460
838,4.190000,199.775864,249.598434,85.039001,242.903336,203.795959,86.191803,224.207565,198.664459,84.731697,242.440613,240.279297,88.077850,223.074753,244.189133,86.565796,201.278488,192.209610,83.058052
839,4.195000,199.749908,249.541290,85.043587,242.909149,203.795166,86.185814,224.202835,198.657822,84.732399,242.445435,240.283020,88.080460,222.972046,244.137527,86.838402,201.161316,192.234467,83.123802
840,4.200000,199.766479,249.594330,85.051094,242.900406,203.790329,86.180130,224.200821,198.665253,84.717667,242.438919,240.286682,88.087212,222.961090,244.065323,86.938889,201.127075,192.207504,83.152802
841,4.205000,199.745514,249.548660,85.050980,242.904587,203.804352,86.184593,224.206100,198.655090,84.722000,242.436874,240.285599,88.089134,222.962830,244.058136,86.943222,201.119156,192.200745,83.172028
842,4.210000,199.745438,249.533188,85.051765,242.910080,203.810333,86.187836,224.204697,198.649689,84.729172,242.442566,240.280960,88.079590,222.864944,244.169647,86.734444,201.129135,192.202637,83.162384
843,4.215000,199.764923,249.590424,85.045967,242.899689,203.792572,86.177284,224.203751,198.648300,84.723969,242.446198,240.277451,88.072418,223.067398,244.165619,86.588280,201.139465,192.204788,83.144463
844,4.220000,199.772141,249.602768,85.040451,242.901001,203.789825,86.177689,224.207184,198.652267,84.723030,242.443832,240.272858,88.077187,223.081894,244.169037,86.567329,201.264175,192.203415,83.084511
845,4.225000,199.755356,249.536331,85.040703,242.902771,203.796661,86.181786,224.210083,198.655075,84.724365,242.440201,240.282181,88.078514,222.972717,244.205246,86.457863,201.186554,192.220062,83.100563
846,4.230000,199.747879,249.528931,85.042259,242.908798,203.798401,86.186516,224.203949,198.658279,84.726135,242.432632,240.283249,88.080070,223.000519,244.218704,86.413139,201.143478,192.211914,83.141479
847,4.235000,199.740509,249.538559,85.048203,242.903000,203.796341,86.180336,224.206848,198.664032,84.719078,242.440063,240.284836,88.080322,223.006424,244.221466,86.406570,201.116867,192.200363,83.161804
848,4.240000,199.770767,249.599716,85.049866,242.899902,203.802353,86.179817,224.201706,198.660049,84.722214,242.440033,240.280930,88.083366,223.087082,244.184738,86.549034,201.244705,192.194519,83.089653
849,4.245000,199.751266,249.552292,85.043732,242.904480,203.803436,86.183296,224.197266,198.659241,84.729591,242.440964,240.280945,88.080269,223.056778,244.120026,86.648468,201.259766,192.220947,83.068375
850,4.250000,199.768951,249.589005,85.046638,242.903397,203.806488,86.184021,224.192993,198.663361,84.728226,242.438156,240.278015,88.084282,222.926956,244.180923,86.518494,201.170319,192.228027,83.116203
851,4.255000,199.751297,249.545319,85.047585,242.904892,203.793076,86.181267,224.193878,198.665543,84.727921,242.442688,240.280792,88.080612,223.070358,244.188416,86.561012,201.119293,192.207092,83.156914
852,4.260000,199.769424,249.587677,85.047966,242.908508,203.802765,86.184883,224.198090,198.657211,84.724251,242.442963,240.280060,88.080276,223.063370,244.148987,86.610710,201.099045,192.201660,83.173813
853,4.265000,199.751709,249.541245,85.040955,242.824615,203.736298,85.996292,224.196823,198.654861,84.721397,242.440781,240.280075,88.077232,222.950867,244.190140,86.490166,201.105728,192.195908,83.156303
854,4.270000,199.745514,249.528183,85.043938,242.894867,203.756119,86.113716,224.201126,198.659821,84.731758,242.440445,240.280090,88.082329,222.989334,244.209946,86.420715,201.238464,192.208817,83.097038
855,4.275000,199.768112,249.592224,85.042938,242.908920,203.801498,86.191933,224.194214,198.659363,84.729927,242.437759,240.282990,88.083572,223.003952,244.227768,86.405624,201.174316,192.232483,83.105446
856,4.280000,199.746353,249.544403,85.039108,242.899277,203.797867,86.186371,224.198303,198.656158,84.727661,242.442551,240.278030,88.075958,223.010513,244.217560,86.406151,201.134399,192.214096,83.136894
857,4.285000,199.770935,249.584869,85.039268,242.908157,203.802826,86.184662,224.201004,198.650909,84.728554,242.440628,240.277405,88.076195,222.991226,244.219284,86.416290,201.111221,192.202011,83.168060
858,4.290000,199.773270,249.610153,85.047050,242.903946,203.802002,86.184586,224.192200,198.666855,84.730064,242.445526,240.279663,88.076973,223.076279,244.175476,86.553520,201.114288,192.207794,83.174896
859,4.295000,199.745743,249.546722,85.051720,242.904984,203.803146,86.187088,224.204391,198.667358,84.727905,242.442261,240.286118,88.083229,222.962723,244.185364,86.483635,201.255478,192.194260,83.086128
860,4.300000,199.769302,249.583542,85.040443,242.905701,203.799179,86.184586,224.209320,198.661713,84.722488,242.441818,240.287872,88.082687,222.979752,244.214844,86.442253,201.287216,192.217667,83.056801
861,4.305000,199.777344,249.604294,85.043381,242.907425,203.802261,86.183434,224.205200,198.660095,84.730515,242.442459,240.285187,88.081573,222.992615,244.222397,86.415359,201.184982,192.224380,83.108307
862,4.310000,199.778305,249.606781,85.040459,242.909714,203.803146,86.186295,224.209137,198.656677,84.723694,242.439774,240.280075,88.078964,223.075211,244.194839,86.551628,201.120483,192.206238,83.156921
863,4.315000,199.773193,249.601044,85.043488,242.902802,203.805344,86.183907,224.199142,198.657669,84.725998,242.441483,240.278870,88.072647,223.063278,244.122345,86.641762,201.106735,192.200623,83.173973
864,4.320000,199.775772,249.601685,85.043190,242.904526,203.799423,86.179718,224.201889,198.660217,84.728683,242.441101,240.277725,88.076004,222.968826,244.110596,86.862457,201.127594,192.194107,83.160263
865,4.325000,199.777267,249.601562,85.043755,242.908401,203.803665,86.187737,224.205963,198.655350,84.717079,242.441986,240.281677,88.079079,222.862457,244.159683,86.751015,201.266373,192.197601,83.076782
866,4.330000,199.773468,249.604279,85.043892,242.907898,203.807266,86.187950,224.205338,198.658936,84.728714,242.441574,240.280563,88.079430,223.056778,244.134857,86.625679,201.280594,192.219406,83.070007
867,4.335000,199.768829,249.607666,85.045189,242.906540,203.804626,86.191795,224.207443,198.660065,84.729950,242.440842,240.282364,88.082245,222.974991,244.213303,86.444496,201.167068,192.228333,83.119812
868,4.340000,199.751007,249.539856,85.042557,242.901093,203.793884,86.183548,224.290558,198.733444,84.891701,242.441132,240.281921,88.082520,223.021759,244.233643,86.377922,201.107498,192.210663,83.164566
869,4.345000,199.747452,249.525894,85.045418,242.902313,203.795425,86.184097,224.194168,198.676529,85.027679,242.437988,240.284027,88.081947,223.028275,244.226517,86.382660,201.112732,192.182831,83.163658
870,4.350000,199.742874,249.536026,85.042320,242.898697,203.793442,86.180618,224.194519,198.610046,85.034782,242.443375,240.281830,88.076035,223.006729,244.214569,86.411537,201.241470,192.192276,83.091522
871,4.355000,199.765167,249.599655,85.044495,242.903717,203.802032,86.181915,224.190186,198.610306,85.032349,242.441559,240.279541,88.078346,223.067047,244.178787,86.565880,201.171844,192.229965,83.112396
872,4.360000,199.774323,249.611053,85.040298,242.900345,203.797241,86.180695,224.186462,198.623291,85.022606,242.439362,240.281311,88.076614,222.939636,244.191818,86.493149,201.252350,192.202591,83.078300
873,4.365000,199.772980,249.609879,85.045273,242.905655,203.797638,86.185577,224.262650,198.688110,85.163139,242.441650,240.278839,88.078461,223.064026,244.178986,86.574448,201.264557,192.214828,83.073845
874,4.370000,199.749359,249.540665,85.042160,242.894028,203.804367,86.184692,224.212784,198.634369,85.055153,242.443161,240.287384,88.079369,222.958466,244.200378,86.475349,201.260574,192.222061,83.074280
875,4.375000,199.775009,249.588364,85.041107,242.900543,203.800262,86.180321,224.206879,198.624084,84.747360,242.441071,240.295151,88.083076,223.069977,244.194489,86.561447,201.155853,192.227020,83.127884
876,4.380000,199.776703,249.609436,85.042068,242.901932,203.789795,86.181602,224.175735,198.672180,84.703064,242.438019,240.289658,88.086807,222.971085,244.196289,86.466949,201.240860,192.208923,83.099167
877,4.385000,199.753067,249.549759,85.046074,242.899384,203.787613,86.183426,224.193054,198.674225,84.712021,242.438889,240.279022,88.082909,222.989273,244.214905,86.420372,201.264709,192.215454,83.075310
878,4.390000,199.762527,249.589371,85.043785,242.906174,203.804001,86.186409,224.197266,198.661148,84.720322,242.444580,240.276413,88.078033,223.079895,244.198593,86.541267,201.270981,192.204315,83.067986
879,4.395000,199.772949,249.608337,85.045959,242.913315,203.803604,86.192276,224.208099,198.653793,84.727036,242.447266,240.278580,88.076065,223.064880,244.133682,86.631470,201.154419,192.218643,83.132904
880,4.400000,199.775620,249.601257,85.043182,242.904739,203.799942,86.188919,224.198135,198.655273,84.728638,242.443512,240.274292,88.075218,222.938202,244.182999,86.501915,201.244553,192.201218,83.099205
881,4.405000,199.774582,249.597839,85.041840,242.827423,203.735016,86.001701,224.201965,198.658417,84.720345,242.445267,240.280655,88.075050,222.988602,244.218750,86.425789,201.263214,192.219025,83.080933
882,4.410000,199.777283,249.600037,85.045082,242.903030,203.772263,86.116356,224.301666,198.740509,84.883881,242.444931,240.283905,88.075554,223.085495,244.211853,86.532715,201.182022,192.218369,83.110962
883,4.415000,199.777664,249.598923,85.042603,242.909760,203.800186,86.191933,224.205643,198.674515,85.027557,242.440689,240.283585,88.080521,222.962982,244.208572,86.467514,201.137772,192.202835,83.145432
884,4.420000,199.778534,249.600891,85.046524,242.901382,203.808502,86.195465,224.195984,198.604294,85.040359,242.443024,240.281708,88.077866,223.066910,244.184235,86.570992,201.247375,192.199463,83.091850
885,4.425000,199.774185,249.601654,85.044411,242.908997,203.808670,86.189064,224.264832,198.673126,85.173615,242.446671,240.279770,88.078110,222.960953,244.193573,86.473335,201.269455,192.210754,83.071564
886,4.430000,199.770676,249.597931,85.039352,242.903458,203.794235,86.180695,224.203857,198.631012,85.065849,242.319855,240.561096,88.098366,222.989502,244.218872,86.424225,201.162262,192.234360,83.120659
887,4.435000,199.772232,249.597351,85.042534,242.899185,203.796738,86.176849,224.213058,198.631516,84.746704,242.370148,240.405518,88.132957,223.080795,244.201492,86.539780,201.122330,192.201935,83.152359
888,4.440000,199.774048,249.601822,85.041908,242.903534,203.785080,86.174980,224.164551,198.671448,84.713097,242.434921,240.299194,88.107002,222.962311,244.196045,86.473732,201.105148,192.200287,83.168472
889,4.445000,199.774109,249.603500,85.041687,242.907730,203.792587,86.181969,224.184158,198.669342,84.720642,242.359116,240.136139,88.111282,223.072571,244.175552,86.571274,201.119644,192.205887,83.164108
890,4.450000,199.776520,249.601044,85.040833,242.904526,203.793182,86.183861,224.204636,198.660782,84.728401,242.453522,240.234573,88.048119,222.958755,244.192871,86.476509,201.121475,192.211731,83.156479
891,4.455000,199.752533,249.541489,85.041931,242.829773,203.728455,85.997330,224.203537,198.654175,84.728325,242.444580,240.270844,88.061005,222.988953,244.219406,86.430283,201.254379,192.205612,83.088043
892,4.460000,199.746262,249.530746,85.044624,242.905609,203.768433,86.119896,224.197815,198.653809,84.728729,242.438049,240.286545,88.082336,223.002487,244.226791,86.413605,201.272690,192.220322,83.064865
893,4.465000,199.746140,249.535492,85.045547,242.908173,203.796768,86.188545,224.199417,198.649292,84.723152,242.439636,240.287613,88.088257,222.998703,244.223679,86.415230,201.165756,192.224869,83.118195
894,4.470000,199.743652,249.541458,85.044830,242.906540,203.801788,86.193954,224.194717,198.655319,84.728287,242.439392,240.283997,88.086922,223.067123,244.190384,86.564453,201.129486,192.203827,83.162506
895,4.475000,199.746475,249.537384,85.043999,242.903168,203.791336,86.180550,224.205963,198.654190,84.722954,242.444305,240.282104,88.079987,222.953735,244.190430,86.486832,201.241272,192.198883,83.090515
896,4.480000,199.773636,249.593506,85.044746,242.832291,203.728790,86.000381,224.193115,198.656433,84.729713,242.442612,240.277802,88.076515,223.062286,244.181320,86.577934,201.171066,192.233093,83.114616
897,4.485000,199.770020,249.607269,85.047104,242.908905,203.770477,86.117851,224.204208,198.660294,84.728668,242.444824,240.282303,88.072975,223.053879,244.128311,86.637657,201.148071,192.211411,83.135902
898,4.490000,199.781891,249.600616,85.038414,242.904984,203.808792,86.190811,224.202393,198.660553,84.731895,242.440445,240.280609,88.077888,222.945236,244.184204,86.498146,201.249985,192.206375,83.089142
899,4.495000,199.773804,249.597839,85.042336,242.907913,203.798065,86.188179,224.300690,198.735306,84.890015,242.442749,240.275848,88.082748,223.000046,244.213913,86.420982,201.167877,192.222672,83.115501
900,4.500000,199.768661,249.596909,85.045433,242.910248,203.798065,86.182739,224.218536,198.669556,84.747032,242.442444,240.282547,88.082108,223.085968,244.207535,86.528671,201.137360,192.203613,83.141853
901,4.505000,199.767273,249.602890,85.053741,242.910202,203.795380,86.177597,224.192368,198.653015,84.715698,242.439316,240.283264,88.081459,222.966751,244.200165,86.468559,201.245941,192.197433,83.090439
902,4.510000,199.739471,249.544174,85.047630,242.906601,203.801758,86.184517,224.184906,198.660751,84.726852,242.439255,240.286514,88.079269,222.978287,244.216751,86.439072,201.173660,192.226181,83.109177
903,4.515000,199.766449,249.589935,85.044884,242.831818,203.736160,86.005440,224.291031,198.739273,84.886108,242.441132,240.280807,88.083481,222.986191,244.221878,86.421364,201.248260,192.206940,83.089294
904,4.520000,199.746262,249.545731,85.043167,242.899612,203.774445,86.120178,224.192535,198.672394,85.024612,242.440796,240.286774,88.085434,222.993195,244.224976,86.423943,201.150009,192.224319,83.125572
905,4.525000,199.766800,249.591599,85.041641,242.902817,203.810913,86.192101,224.193054,198.609787,85.036537,242.439682,240.283844,88.081444,222.996384,244.219330,86.427338,201.116043,192.209488,83.151787
906,4.530000,199.747406,249.551666,85.046379,242.902985,203.810883,86.192741,224.196640,198.609970,85.035683,242.443466,240.284698,88.076523,222.993179,244.210190,86.420372,201.239304,192.203384,83.095741
907,4.535000,199.738754,249.537460,85.049393,242.905914,203.803970,86.185646,224.195648,198.621918,85.021500,242.440781,240.281128,88.080589,223.062805,244.189789,86.568359,201.162994,192.225525,83.113815
908,4.540000,199.742920,249.530655,85.044029,242.904266,203.797165,86.184982,224.214859,198.629822,84.746658,242.442184,240.280289,88.083603,223.552536,244.152069,86.217850,201.136078,192.211182,83.138992
909,4.545000,199.775681,249.589203,85.041550,242.902222,203.792099,86.185356,224.185333,198.670929,84.709518,242.441574,240.281036,88.078499,223.102829,244.326996,86.113655,201.126648,192.201813,83.153679
910,4.550000,199.747101,249.545700,85.048462,242.907715,203.801468,86.187080,224.189377,198.675690,84.722221,242.439117,240.277649,88.078987,223.034073,244.323059,86.172394,201.114716,192.202698,83.155029
911,4.555000,199.740265,249.532700,85.046082,242.899399,203.793320,86.178810,224.205795,198.650940,84.726387,242.442825,240.275787,88.076744,223.103973,244.233810,86.483810,201.120224,192.208145,83.153381
912,4.560000,199.761032,249.595078,85.049950,242.904312,203.803375,86.186310,224.192688,198.650284,84.730507,242.442139,240.276672,88.074638,222.966995,244.122849,86.860443,201.123917,192.206039,83.146790
913,4.565000,199.770737,249.608780,85.042313,242.908951,203.809311,86.188995,224.200790,198.654892,84.729874,242.441406,240.278580,88.077332,222.850952,244.149643,86.783890,201.128220,192.201431,83.142410
914,4.570000,199.772858,249.605850,85.042145,242.910828,203.805847,86.189453,224.202179,198.653229,84.724915,242.436493,240.286545,88.081894,222.940811,244.183228,86.498726,201.131470,192.205566,83.145889
915,4.575000,199.741425,249.543671,85.050453,242.906677,203.797073,86.182434,224.204697,198.663513,84.723320,242.438965,240.281586,88.082947,223.036026,244.231583,86.368172,201.246292,192.206268,83.086945
916,4.580000,199.737717,249.532150,85.046555,242.904907,203.802551,86.182587,224.199539,198.665253,84.727066,242.441010,240.285812,88.083649,223.049911,244.238998,86.355476,201.272903,192.219406,83.063438
917,4.585000,199.772522,249.585190,85.046646,242.905212,203.789185,86.177200,224.199295,198.665894,84.732033,242.443802,240.283478,88.082100,223.097046,244.202667,86.522232,201.175888,192.219025,83.104172
918,4.590000,199.769775,249.611221,85.046867,242.908295,203.799423,86.184937,224.208176,198.660690,84.724220,242.444611,240.282562,88.076683,222.956772,244.193527,86.478683,201.254517,192.204010,83.085365
919,4.595000,199.751831,249.541397,85.041336,242.909027,203.796448,86.185127,224.210358,198.651245,84.723557,242.443344,240.278717,88.078537,222.981293,244.205734,86.441330,201.165848,192.220169,83.115562
920,4.600000,199.772522,249.582672,85.044640,242.900391,203.786972,86.179642,224.212021,198.648819,84.720566,242.440018,240.282501,88.081421,223.000092,244.215729,86.412704,201.257309,192.203522,83.080406
921,4.605000,199.775101,249.599869,85.037125,242.904724,203.797180,86.183426,224.202957,198.653442,84.714813,242.442032,240.286804,88.081390,222.995819,244.229736,86.417236,201.269562,192.213959,83.071327
922,4.610000,199.778946,249.601822,85.040482,242.903488,203.798157,86.186852,224.192200,198.660858,84.723305,242.440140,240.284164,88.083641,223.073471,244.189392,86.552002,201.261993,192.215866,83.075356
923,4.615000,199.777145,249.598053,85.040062,242.902847,203.798187,86.185440,224.203873,198.660065,84.719360,242.441849,240.282135,88.084381,223.063370,244.122177,86.646629,201.155624,192.215790,83.133850
924,4.620000,199.750443,249.543289,85.041985,242.906036,203.801117,86.183693,224.198746,198.660980,84.731033,242.442841,240.281876,88.078896,222.964127,244.113754,86.863014,201.106995,192.201096,83.161385
925,4.625000,199.772827,249.583145,85.039330,242.898636,203.785416,86.181564,224.206985,198.657913,84.723473,242.441467,240.285370,88.079933,222.962906,244.063095,86.924652,201.113281,192.197968,83.166595
926,4.630000,199.774231,249.607910,85.040009,242.909668,203.801025,86.184616,224.196228,198.660629,84.723953,242.438126,240.282501,88.077103,222.859985,244.159332,86.744164,201.119919,192.206955,83.157753
927,4.635000,199.769806,249.607452,85.042458,242.907608,203.803970,86.187767,224.195190,198.660278,84.730148,242.440430,240.279510,88.078293,223.055771,244.154907,86.600632,201.236938,192.210724,83.095375
928,4.640000,199.747330,249.548431,85.043007,242.900955,203.800568,86.185524,224.211578,198.659180,84.717712,242.437775,240.288025,88.081917,222.985245,244.217377,86.425621,201.273132,192.224884,83.064941
929,4.645000,199.743057,249.535599,85.048943,242.896652,203.791351,86.178879,224.196060,198.657669,84.734642,242.438660,240.288071,88.080154,223.092239,244.223221,86.502357,201.175125,192.231857,83.106735
930,4.650000,199.761398,249.597885,85.054314,242.907455,203.798340,86.181801,224.200012,198.656479,84.730942,242.440216,240.286438,88.077911,222.974716,244.214691,86.447716,201.244095,192.209152,83.093178
931,4.655000,199.744629,249.545273,85.047913,242.827576,203.732727,86.000549,224.199600,198.654831,84.731148,242.439606,240.287659,88.075928,223.068375,244.185303,86.568062,201.154053,192.217377,83.129898
932,4.660000,199.769745,249.584518,85.047447,242.900528,203.766220,86.121277,224.191757,198.652054,84.729752,242.438965,240.281113,88.075279,223.055283,244.122864,86.647095,201.115860,192.198715,83.149651
933,4.665000,199.776459,249.604477,85.041557,242.907028,203.797684,86.195717,224.207153,198.652618,84.719887,242.441071,240.281342,88.077721,222.970642,244.115982,86.864403,201.116272,192.199738,83.157410
934,4.670000,199.751114,249.539536,85.041534,242.901825,203.796585,86.193329,224.211288,198.661407,84.721687,242.442291,240.287155,88.084702,222.958969,244.062103,86.922409,201.129761,192.200653,83.153130
935,4.675000,199.741608,249.528519,85.045769,242.902618,203.789139,86.184982,224.205795,198.658554,84.725235,242.438568,240.291168,88.085014,222.966095,244.064789,86.923264,201.131104,192.197906,83.145622
936,4.680000,199.768509,249.594513,85.052582,242.907318,203.801147,86.186150,224.204727,198.654541,84.734756,242.442627,240.287338,88.080246,222.961288,244.090439,86.911896,201.257416,192.198196,83.086174
937,4.685000,199.756195,249.546677,85.046066,242.905182,203.809479,86.184372,224.206924,198.656540,84.730034,242.443756,240.281219,88.078423,222.967896,244.090668,86.890160,201.183624,192.229523,83.101746
938,4.690000,199.767960,249.594879,85.050400,242.906952,203.805130,86.184990,224.204041,198.657776,84.729889,242.442673,240.277222,88.082848,222.921738,244.176605,86.528641,201.257462,192.209106,83.075752
939,4.695000,199.773972,249.608521,85.046646,242.907547,203.802612,86.186279,224.291428,198.738525,84.887627,242.443954,240.285233,88.080070,223.024841,244.249496,86.373238,201.170624,192.217743,83.124313
940,4.700000,199.779510,249.604462,85.042908,242.906876,203.806473,86.187271,224.203873,198.676270,84.750618,242.440155,240.285141,88.082809,223.112411,244.242767,86.461868,201.125259,192.208389,83.144989
941,4.705000,199.748642,249.544800,85.046425,242.904160,203.804489,86.187805,224.195740,198.656265,84.716827,242.444870,240.284744,88.077980,223.071701,244.169891,86.588318,201.240585,192.205521,83.088837
942,4.710000,199.742813,249.532928,85.047150,242.903717,203.803421,86.184410,224.193573,198.658981,84.732124,242.443192,240.281113,88.079811,222.962143,244.130844,86.862312,201.177902,192.223129,83.109398
943,4.715000,199.770935,249.592682,85.046577,242.904633,203.795013,86.181465,224.208847,198.656876,84.725624,242.444321,240.282379,88.077240,222.960556,244.054413,86.937408,201.258591,192.207520,83.082809
944,4.720000,199.774979,249.606064,85.042458,242.901169,203.798080,86.185005,224.198898,198.657806,84.729332,242.438293,240.281006,88.078728,222.851120,244.163101,86.759941,201.268494,192.216049,83.068520
945,4.725000,199.768158,249.606308,85.046204,242.909195,203.803482,86.188431,224.194214,198.658478,84.729675,242.441376,240.292267,88.082535,222.962997,244.202271,86.466278,201.272110,192.217560,83.069633
946,4.730000,199.745804,249.546188,85.051903,242.901978,203.806870,86.185677,224.191147,198.664398,84.739792,242.440765,240.288483,88.085274,223.050720,244.239075,86.353119,201.160355,192.224457,83.131042
947,4.735000,199.765289,249.590561,85.048477,242.908447,203.806076,86.187927,224.198425,198.651810,84.730843,242.440125,240.284225,88.079094,223.047150,244.238068,86.354889,201.247528,192.200562,83.087631
948,4.740000,199.777603,249.598587,85.040741,242.901321,203.793808,86.180588,224.190796,198.654999,84.734253,242.441116,240.281891,88.078743,222.999954,244.232040,86.404922,201.169144,192.219254,83.124123
949,4.745000,199.773560,249.605118,85.043411,242.903076,203.794739,86.178520,224.211273,198.653458,84.716957,242.440552,240.281631,88.079720,223.072052,244.177216,86.568367,201.131744,192.201447,83.148552
950,4.750000,199.774109,249.603729,85.042007,242.904327,203.809189,86.185524,224.203461,198.657532,84.726585,242.442657,240.275208,88.079163,222.965073,244.132324,86.851929,201.115128,192.199402,83.160629
951,4.755000,199.774719,249.602386,85.043335,242.903503,203.794479,86.179031,224.198242,198.652618,84.735016,242.442719,240.279343,88.077591,222.957291,244.051926,86.941635,201.116882,192.201202,83.160294
952,4.760000,199.769943,249.603790,85.044113,242.903076,203.798676,86.182030,224.198059,198.658646,84.727036,242.441208,240.280838,88.076080,222.961563,244.057510,86.938690,201.261642,192.195908,83.086517
953,4.765000,199.774445,249.604126,85.046501,242.903015,203.801727,86.181053,224.205231,198.655060,84.729218,242.443832,240.283386,88.078293,222.956879,244.075592,86.911407,201.271713,192.222534,83.057762
954,4.770000,199.775146,249.599564,85.043320,242.907181,203.803543,86.184731,224.200333,198.658371,84.730400,242.439774,240.288971,88.081543,222.918228,244.170715,86.529251,201.179382,192.225922,83.110382
955,4.775000,199.775513,249.599655,85.040024,242.905807,203.801239,86.183220,224.193481,198.659729,84.735023,242.436081,240.288376,88.085335,223.102386,244.242249,86.482704,201.125687,192.197540,83.148643
956,4.780000,199.774261,249.602310,85.044998,242.907333,203.799255,86.181580,224.293457,198.734741,84.887680,242.438232,240.283508,88.083801,223.022491,244.227020,86.391663,201.118301,192.192337,83.162140
957,4.785000,199.773911,249.598785,85.044357,242.907761,203.804688,86.187798,224.271179,198.710037,85.157532,242.444763,240.280273,88.078850,223.007538,244.225342,86.403053,201.125565,192.203415,83.157440
958,4.790000,199.774109,249.593384,85.035919,242.901871,203.799896,86.183350,224.205154,198.604034,85.085342,242.440002,240.278671,88.079292,223.076447,244.185135,86.555145,201.245621,192.208496,83.086227
959,4.795000,199.770493,249.603165,85.050354,242.827164,203.722473,85.998810,224.264282,198.681290,85.175201,242.438599,240.285126,88.077698,222.939011,244.198654,86.497688,201.173248,192.225418,83.109116
960,4.800000,199.775711,249.596756,85.045685,242.898987,203.768570,86.122742,224.202423,198.630585,85.056328,242.440109,240.283127,88.080833,223.053467,244.178940,86.583359,201.137253,192.208603,83.142990
961,4.805000,199.753265,249.540176,85.044464,242.902908,203.802780,86.195930,224.219849,198.617477,84.747047,242.441208,240.283813,88.081802,222.955704,244.192780,86.481773,201.121887,192.197830,83.155113
962,4.810000,199.769287,249.584274,85.038925,242.904617,203.812195,86.201630,224.175934,198.665482,84.705948,242.441193,240.281647,88.077026,223.065842,244.191513,86.566574,201.113770,192.207336,83.160469
963,4.815000,199.768036,249.606888,85.039940,242.905212,203.798203,86.187347,224.184738,198.671249,84.720444,242.439850,240.277344,88.074760,222.970093,244.193710,86.471146,201.249115,192.201828,83.092834
964,4.820000,199.778290,249.606552,85.039879,242.904160,203.802048,86.181122,224.191971,198.662750,84.725739,242.439468,240.281021,88.079369,222.983505,244.216492,86.424370,201.178589,192.228989,83.104965
965,4.825000,199.771072,249.605148,85.043022,242.905075,203.796829,86.179169,224.298065,198.732529,84.883034,242.440704,240.273880,88.078499,223.004349,244.218628,86.412605,201.142426,192.209229,83.133034
966,4.830000,199.744843,249.538696,85.042313,242.824631,203.734268,86.003876,224.200684,198.669907,85.025032,242.439133,240.278214,88.083900,223.082062,244.185043,86.549286,201.246658,192.194839,83.086586
967,4.835000,199.772903,249.580719,85.042580,242.901688,203.768066,86.120659,224.196350,198.607361,85.044502,242.442825,240.280411,88.078613,222.950516,244.193146,86.480865,201.269135,192.216171,83.066193
968,4.840000,199.748535,249.547089,85.040504,242.910126,203.804291,86.196312,224.193222,198.604294,85.030579,242.441925,240.282120,88.077660,223.062592,244.177948,86.570503,201.165985,192.225998,83.113762
969,4.845000,199.767868,249.590836,85.048172,242.902939,203.792068,86.194489,224.191406,198.627930,85.023506,242.441772,240.285004,88.076485,222.966309,244.189819,86.475410,201.128433,192.198944,83.151581
970,4.850000,199.769180,249.608856,85.051140,242.907867,203.799637,86.191147,224.217056,198.641800,84.751694,242.437256,240.281357,88.078568,222.988724,244.216019,86.424591,201.118530,192.195816,83.165329
971,4.855000,199.753464,249.541748,85.038345,242.906311,203.801102,86.187439,224.175903,198.673035,84.714668,242.441620,240.284607,88.078552,223.011917,244.222733,86.408592,201.132431,192.191422,83.150665
972,4.860000,199.773071,249.587982,85.042725,242.903427,203.803665,86.189331,224.200714,198.668274,84.716034,242.441696,240.282867,88.080971,223.012619,244.213425,86.406364,201.256119,192.203461,83.083405
973,4.865000,199.766754,249.608688,85.048203,242.908020,203.802094,86.187836,224.204254,198.662842,84.729294,242.446045,240.277130,88.075676,222.999481,244.210968,86.416702,201.186661,192.223190,83.109344
974,4.870000,199.746063,249.542908,85.041023,242.902161,203.795395,86.181900,224.199738,198.647583,84.729485,242.441101,240.273453,88.072937,223.071640,244.180573,86.560555,201.257950,192.208847,83.088036
975,4.875000,199.777603,249.580795,85.040977,242.903976,203.797134,86.180252,224.196350,198.651123,84.724174,242.443237,240.281433,88.071671,222.946533,244.191879,86.498619,201.261581,192.209274,83.069679
976,4.880000,199.776871,249.606369,85.036530,242.908478,203.805634,86.182899,224.204208,198.660217,84.721207,242.444550,240.283554,88.070786,223.062866,244.174255,86.581779,201.159149,192.223450,83.123299
977,4.885000,199.774628,249.604797,85.037529,242.903854,203.809250,86.183830,224.190567,198.658325,84.725258,242.444550,240.280045,88.077438,222.958954,244.195160,86.476593,201.113495,192.210281,83.157059
978,4.890000,199.776901,249.604034,85.043884,242.902039,203.805283,86.184349,224.197327,198.666000,84.731201,242.443222,240.280334,88.079742,223.078674,244.188446,86.554382,201.238525,192.203033,83.096657
979,4.895000,199.775162,249.605957,85.043571,242.901962,203.800156,86.185074,224.197052,198.662338,84.731049,242.440216,240.287689,88.082993,222.962158,244.204010,86.463905,201.258560,192.220703,83.077591
980,4.900000,199.769638,249.605179,85.042664,242.904266,203.803574,86.184204,224.197235,198.664597,84.730164,242.435699,240.291580,88.082230,222.992325,244.218338,86.428650,201.150116,192.230042,83.122162
981,4.905000,,,,,,,,,,,,,,,,,,
